1.206080e-04 3.147215e-03
1.206343e-04 3.176866e-03
1.206605e-04 3.223213e-03
1.206867e-04 3.303208e-03
1.207129e-04 3.374411e-03
1.207392e-04 3.489325e-03
1.207654e-04 3.276291e-03
1.207916e-04 3.344477e-03
1.208179e-04 3.764808e-03
1.208441e-04 3.743757e-03
1.208704e-04 3.789987e-03
1.208966e-04 3.935873e-03
1.209229e-04 4.040044e-03
1.209492e-04 4.162977e-03
1.209754e-04 4.306117e-03
1.210017e-04 4.342667e-03
1.210280e-04 4.312046e-03
1.210543e-04 4.263505e-03
1.210806e-04 4.296692e-03
1.211068e-04 4.431072e-03
1.211331e-04 4.566898e-03
1.211594e-04 4.625454e-03
1.211857e-04 4.745648e-03
1.212120e-04 4.927843e-03
1.212383e-04 4.977317e-03
1.212646e-04 4.982371e-03
1.212910e-04 4.983256e-03
1.213173e-04 4.984839e-03
1.213436e-04 4.949977e-03
1.213699e-04 4.997061e-03
1.213963e-04 5.086192e-03
1.214226e-04 5.156362e-03
1.214489e-04 5.280164e-03
1.214753e-04 5.432700e-03
1.215016e-04 5.486037e-03
1.215280e-04 5.633151e-03
1.215543e-04 5.594155e-03
1.215807e-04 5.547317e-03
1.216070e-04 5.595751e-03
1.216334e-04 5.656809e-03
1.216598e-04 5.785871e-03
1.216861e-04 5.868907e-03
1.217125e-04 5.891377e-03
1.217389e-04 5.923118e-03
1.217653e-04 6.411292e-03
1.217917e-04 5.850893e-03
1.218180e-04 5.806813e-03
1.218444e-04 5.973964e-03
1.218708e-04 5.840838e-03
1.218972e-04 5.900542e-03
1.219236e-04 5.957402e-03
1.219501e-04 5.992780e-03
1.219765e-04 5.994866e-03
1.220029e-04 6.101356e-03
1.220293e-04 6.046241e-03
1.220557e-04 6.018439e-03
1.220822e-04 5.939359e-03
1.221086e-04 5.938952e-03
1.221350e-04 6.040882e-03
1.221615e-04 6.120010e-03
1.221879e-04 6.097203e-03
1.222143e-04 6.089558e-03
1.222408e-04 6.205141e-03
1.222672e-04 6.170746e-03
1.222937e-04 6.175953e-03
1.223202e-04 6.102288e-03
1.223466e-04 6.206333e-03
1.223731e-04 6.277906e-03
1.223996e-04 6.306153e-03
1.224260e-04 6.366644e-03
1.224525e-04 6.258273e-03
1.224790e-04 6.313400e-03
1.225055e-04 6.415319e-03
1.225320e-04 6.396136e-03
1.225585e-04 6.450163e-03
1.225850e-04 6.313400e-03
1.226115e-04 6.285843e-03
1.226380e-04 6.219475e-03
1.226645e-04 6.288109e-03
1.226910e-04 6.377459e-03
1.227175e-04 6.435531e-03
1.227440e-04 6.426880e-03
1.227706e-04 6.371707e-03
1.227971e-04 6.456256e-03
1.228236e-04 6.494094e-03
1.228501e-04 6.441795e-03
1.228767e-04 6.489914e-03
1.229032e-04 6.484847e-03
1.229298e-04 6.442852e-03
1.229563e-04 6.564683e-03
1.229829e-04 6.631591e-03
1.230094e-04 6.613435e-03
1.230360e-04 6.570385e-03
1.230625e-04 6.585458e-03
1.230891e-04 6.626570e-03
1.231157e-04 6.588698e-03
1.231422e-04 6.611112e-03
1.231688e-04 6.560821e-03
1.231954e-04 6.490325e-03
1.232220e-04 6.477367e-03
1.232486e-04 6.539121e-03
1.232751e-04 6.552626e-03
1.233017e-04 6.530865e-03
1.233283e-04 6.600576e-03
1.233549e-04 6.620130e-03
1.233815e-04 6.602682e-03
1.234081e-04 6.579375e-03
1.234348e-04 6.566774e-03
1.234614e-04 6.616152e-03
1.234880e-04 6.583006e-03
1.235146e-04 6.555599e-03
1.235412e-04 6.576497e-03
1.235679e-04 6.544246e-03
1.235945e-04 6.530486e-03
1.236211e-04 6.512108e-03
1.236478e-04 6.505355e-03
1.236744e-04 6.537155e-03
1.237010e-04 6.556095e-03
1.237277e-04 6.573389e-03
1.237543e-04 6.531289e-03
1.237810e-04 6.584263e-03
1.238077e-04 6.533497e-03
1.238343e-04 6.550081e-03
1.238610e-04 6.546907e-03
1.238877e-04 6.539630e-03
1.239143e-04 6.532843e-03
1.239410e-04 6.435341e-03
1.239677e-04 6.473291e-03
1.239944e-04 6.505539e-03
1.240210e-04 6.492536e-03
1.240477e-04 6.479069e-03
1.240744e-04 6.476228e-03
1.241011e-04 6.530991e-03
1.241278e-04 6.568182e-03
1.241545e-04 6.557712e-03
1.241812e-04 6.519228e-03
1.242079e-04 6.474230e-03
1.242347e-04 6.461756e-03
1.242614e-04 6.435069e-03
1.242881e-04 6.401602e-03
1.243148e-04 6.368767e-03
1.243415e-04 6.363267e-03
1.243683e-04 6.393806e-03
1.243950e-04 6.283505e-03
1.244217e-04 6.345760e-03
1.244485e-04 6.468054e-03
1.244752e-04 6.468767e-03
1.245020e-04 6.450109e-03
1.245287e-04 6.890530e-03
1.245555e-04 6.924635e-03
1.245822e-04 6.449239e-03
1.246090e-04 6.342620e-03
1.246357e-04 6.439410e-03
1.246625e-04 6.531283e-03
1.246893e-04 6.547941e-03
1.247160e-04 6.555574e-03
1.247428e-04 6.529317e-03
1.247696e-04 6.508962e-03
1.247964e-04 6.535768e-03
1.248232e-04 6.557686e-03
1.248500e-04 6.531582e-03
1.248767e-04 6.561563e-03
1.249035e-04 6.576201e-03
1.249303e-04 6.586775e-03
1.249571e-04 6.590802e-03
1.249839e-04 6.552387e-03
1.250107e-04 6.567569e-03
1.250376e-04 6.565901e-03
1.250644e-04 6.561543e-03
1.250912e-04 6.569055e-03
1.251180e-04 6.604513e-03
1.251448e-04 6.620444e-03
1.251717e-04 6.625401e-03
1.251985e-04 6.633362e-03
1.252253e-04 6.656510e-03
1.252522e-04 6.657760e-03
1.252790e-04 6.604015e-03
1.253058e-04 6.594198e-03
1.253327e-04 6.566050e-03
1.253595e-04 6.562863e-03
1.253864e-04 6.585940e-03
1.254132e-04 6.650604e-03
1.254401e-04 6.627263e-03
1.254670e-04 6.648079e-03
1.254938e-04 6.579309e-03
1.255207e-04 6.515797e-03
1.255476e-04 6.542381e-03
1.255744e-04 6.533042e-03
1.256013e-04 6.613741e-03
1.256282e-04 6.538265e-03
1.256551e-04 6.489067e-03
1.256820e-04 6.421752e-03
1.257089e-04 6.480525e-03
1.257357e-04 6.459941e-03
1.257626e-04 6.408155e-03
1.257895e-04 6.374187e-03
1.258164e-04 6.365588e-03
1.258433e-04 6.269310e-03
1.258703e-04 6.259671e-03
1.258972e-04 6.182036e-03
1.259241e-04 6.420599e-03
1.259510e-04 6.143722e-03
1.259779e-04 6.124169e-03
1.260048e-04 6.099559e-03
1.260318e-04 6.030966e-03
1.260587e-04 6.030951e-03
1.260856e-04 5.916159e-03
1.261126e-04 6.005108e-03
1.261395e-04 5.964966e-03
1.261664e-04 5.874997e-03
1.261934e-04 5.780632e-03
1.262203e-04 5.719567e-03
1.262473e-04 5.759720e-03
1.262742e-04 5.797492e-03
1.263012e-04 5.732627e-03
1.263282e-04 5.694798e-03
1.263551e-04 5.632618e-03
1.263821e-04 5.631922e-03
1.264091e-04 5.678085e-03
1.264360e-04 5.666683e-03
1.264630e-04 5.664972e-03
1.264900e-04 5.688762e-03
1.265170e-04 5.637878e-03
1.265439e-04 5.884867e-03
1.265709e-04 5.725786e-03
1.265979e-04 5.710379e-03
1.266249e-04 5.600930e-03
1.266519e-04 5.471666e-03
1.266789e-04 5.778031e-03
1.267059e-04 5.749570e-03
1.267329e-04 5.528798e-03
1.267599e-04 5.313163e-03
1.267869e-04 4.972985e-03
1.268139e-04 4.862405e-03
1.268410e-04 4.957845e-03
1.268680e-04 5.194531e-03
1.268950e-04 5.512726e-03
1.269220e-04 5.767356e-03
1.269490e-04 5.847154e-03
1.269761e-04 5.960504e-03
1.270031e-04 6.038845e-03
1.270301e-04 6.065959e-03
1.270572e-04 6.052270e-03
1.270842e-04 6.250674e-03
1.271113e-04 6.168442e-03
1.271383e-04 6.309443e-03
1.271654e-04 6.309645e-03
1.271924e-04 6.288762e-03
1.272195e-04 6.367371e-03
1.272465e-04 6.376534e-03
1.272736e-04 6.451228e-03
1.273007e-04 6.478313e-03
1.273277e-04 6.540686e-03
1.273548e-04 6.525147e-03
1.273819e-04 6.623363e-03
1.274089e-04 6.658012e-03
1.274360e-04 6.676716e-03
1.274631e-04 6.786774e-03
1.274902e-04 6.805800e-03
1.275173e-04 6.719216e-03
1.275444e-04 6.746939e-03
1.275715e-04 6.812806e-03
1.275986e-04 6.873496e-03
1.276257e-04 6.847775e-03
1.276528e-04 6.843688e-03
1.276799e-04 6.959309e-03
1.277070e-04 7.001761e-03
1.277341e-04 6.867884e-03
1.277612e-04 6.943812e-03
1.277883e-04 6.937040e-03
1.278154e-04 6.873994e-03
1.278425e-04 6.833200e-03
1.278697e-04 6.817257e-03
1.278968e-04 6.759005e-03
1.279239e-04 6.668970e-03
1.279510e-04 6.589506e-03
1.279782e-04 6.592380e-03
1.280053e-04 6.538621e-03
1.280325e-04 6.373607e-03
1.280596e-04 6.258243e-03
1.280867e-04 6.052075e-03
1.281139e-04 5.840135e-03
1.281410e-04 5.796587e-03
1.281682e-04 5.883179e-03
1.281954e-04 6.054166e-03
1.282225e-04 6.209930e-03
1.282497e-04 6.356606e-03
1.282768e-04 6.507378e-03
1.283040e-04 6.584303e-03
1.283312e-04 6.621981e-03
1.283583e-04 6.684407e-03
1.283855e-04 6.665935e-03
1.284127e-04 6.699395e-03
1.284399e-04 6.759252e-03
1.284671e-04 6.785882e-03
1.284942e-04 6.894202e-03
1.285214e-04 6.893168e-03
1.285486e-04 6.835109e-03
1.285758e-04 6.825501e-03
1.286030e-04 6.814081e-03
1.286302e-04 6.786898e-03
1.286574e-04 6.772003e-03
1.286846e-04 6.781614e-03
1.287118e-04 6.759427e-03
1.287390e-04 6.708149e-03
1.287662e-04 6.650855e-03
1.287935e-04 6.595919e-03
1.288207e-04 6.590566e-03
1.288479e-04 6.621617e-03
1.288751e-04 6.644074e-03
1.289023e-04 6.634629e-03
1.289296e-04 6.574579e-03
1.289568e-04 6.575783e-03
1.289840e-04 6.626704e-03
1.290113e-04 6.612480e-03
1.290385e-04 6.584409e-03
1.290657e-04 6.539378e-03
1.290930e-04 6.437832e-03
1.291202e-04 6.387759e-03
1.291475e-04 6.416101e-03
1.291747e-04 6.381023e-03
1.292020e-04 6.383237e-03
1.292292e-04 6.383486e-03
1.292565e-04 6.428719e-03
1.292837e-04 6.480518e-03
1.293110e-04 6.487324e-03
1.293383e-04 6.462192e-03
1.293655e-04 6.507806e-03
1.293928e-04 6.501042e-03
1.294201e-04 6.450139e-03
1.294474e-04 6.304469e-03
1.294746e-04 6.290152e-03
1.295019e-04 6.306278e-03
1.295292e-04 6.297702e-03
1.295565e-04 6.327565e-03
1.295838e-04 6.308095e-03
1.296111e-04 6.212076e-03
1.296383e-04 6.210867e-03
1.296656e-04 6.140233e-03
1.296929e-04 6.210801e-03
1.297202e-04 6.230621e-03
1.297475e-04 6.302076e-03
1.297748e-04 6.389087e-03
1.298022e-04 6.411365e-03
1.298295e-04 6.260652e-03
1.298568e-04 6.094149e-03
1.298841e-04 6.071679e-03
1.299114e-04 6.204330e-03
1.299387e-04 6.193297e-03
1.299660e-04 6.069541e-03
1.299934e-04 5.977072e-03
1.300207e-04 5.986813e-03
1.300480e-04 6.086278e-03
1.300754e-04 6.230064e-03
1.301027e-04 6.220277e-03
1.301300e-04 6.231986e-03
1.301574e-04 6.230987e-03
1.301847e-04 6.151857e-03
1.302120e-04 6.090368e-03
1.302394e-04 6.044505e-03
1.302667e-04 5.973626e-03
1.302941e-04 5.820772e-03
1.303214e-04 5.621774e-03
1.303488e-04 5.488538e-03
1.303762e-04 5.565892e-03
1.304035e-04 5.738661e-03
1.304309e-04 5.830719e-03
1.304582e-04 5.926225e-03
1.304856e-04 6.031617e-03
1.305130e-04 5.975860e-03
1.305403e-04 5.846033e-03
1.305677e-04 5.650937e-03
1.305951e-04 5.479452e-03
1.306225e-04 5.466649e-03
1.306499e-04 5.542232e-03
1.306772e-04 5.624663e-03
1.307046e-04 5.682033e-03
1.307320e-04 5.615222e-03
1.307594e-04 5.725358e-03
1.307868e-04 5.783252e-03
1.308142e-04 5.758322e-03
1.308416e-04 5.714245e-03
1.308690e-04 5.528717e-03
1.308964e-04 5.332739e-03
1.309238e-04 5.277018e-03
1.309512e-04 5.124366e-03
1.309786e-04 5.185921e-03
1.310060e-04 5.371171e-03
1.310334e-04 5.494627e-03
1.310608e-04 5.743554e-03
1.310882e-04 5.821911e-03
1.311157e-04 5.744298e-03
1.311431e-04 5.634541e-03
1.311705e-04 5.503977e-03
1.311979e-04 5.377617e-03
1.312254e-04 5.280137e-03
1.312528e-04 5.148049e-03
1.312802e-04 5.116257e-03
1.313077e-04 5.089961e-03
1.313351e-04 5.129743e-03
1.313625e-04 5.134800e-03
1.313900e-04 5.114342e-03
1.314174e-04 5.101787e-03
1.314449e-04 5.184373e-03
1.314723e-04 5.144420e-03
1.314998e-04 5.283976e-03
1.315272e-04 5.487286e-03
1.315547e-04 5.612412e-03
1.315821e-04 5.564092e-03
1.316096e-04 5.448769e-03
1.316370e-04 5.471097e-03
1.316645e-04 5.610395e-03
1.316920e-04 5.695122e-03
1.317194e-04 5.538499e-03
1.317469e-04 5.423167e-03
1.317744e-04 5.203128e-03
1.318018e-04 5.132296e-03
1.318293e-04 5.029925e-03
1.318568e-04 4.969607e-03
1.318843e-04 4.988267e-03
1.319117e-04 4.856999e-03
1.319392e-04 4.800637e-03
1.319667e-04 4.959632e-03
1.319942e-04 5.043592e-03
1.320217e-04 5.097559e-03
1.320492e-04 5.166611e-03
1.320767e-04 5.218129e-03
1.321042e-04 5.305128e-03
1.321317e-04 5.273274e-03
1.321592e-04 5.155779e-03
1.321867e-04 4.937648e-03
1.322142e-04 4.748515e-03
1.322417e-04 4.718171e-03
1.322692e-04 4.710924e-03
1.322967e-04 4.642109e-03
1.323242e-04 4.631246e-03
1.323517e-04 4.838618e-03
1.323792e-04 5.027573e-03
1.324068e-04 5.130193e-03
1.324343e-04 5.142493e-03
1.324618e-04 5.182603e-03
1.324893e-04 5.178018e-03
1.325169e-04 5.084070e-03
1.325444e-04 5.101307e-03
1.325719e-04 5.028994e-03
1.325994e-04 4.903399e-03
1.326270e-04 4.792924e-03
1.326545e-04 4.856855e-03
1.326821e-04 4.791928e-03
1.327096e-04 4.697848e-03
1.327371e-04 4.551629e-03
1.327647e-04 4.391593e-03
1.327922e-04 4.266694e-03
1.328198e-04 4.234592e-03
1.328473e-04 4.290205e-03
1.328749e-04 4.470943e-03
1.329024e-04 4.601011e-03
1.329300e-04 4.611383e-03
1.329575e-04 4.725124e-03
1.329851e-04 4.684334e-03
1.330127e-04 4.479930e-03
1.330402e-04 4.283410e-03
1.330678e-04 4.239679e-03
1.330954e-04 4.238915e-03
1.331229e-04 4.425749e-03
1.331505e-04 4.719503e-03
1.331781e-04 5.095962e-03
1.332056e-04 5.482916e-03
1.332332e-04 5.753273e-03
1.332608e-04 5.858283e-03
1.332884e-04 5.870987e-03
1.333160e-04 6.167953e-03
1.333435e-04 6.674599e-03
1.333711e-04 7.175171e-03
1.333987e-04 7.755182e-03
1.334263e-04 8.477980e-03
1.334539e-04 9.016879e-03
1.334815e-04 9.136663e-03
1.335091e-04 9.361580e-03
1.335367e-04 9.812575e-03
1.335643e-04 1.035021e-02
1.335919e-04 1.078312e-02
1.336195e-04 1.097293e-02
1.336471e-04 1.127464e-02
1.336747e-04 1.163857e-02
1.337023e-04 1.229600e-02
1.337299e-04 1.337568e-02
1.337575e-04 1.460197e-02
1.337851e-04 1.585398e-02
1.338128e-04 1.703279e-02
1.338404e-04 1.833068e-02
1.338680e-04 1.916162e-02
1.338956e-04 1.977522e-02
1.339232e-04 1.951609e-02
1.339509e-04 1.946552e-02
1.339785e-04 2.052695e-02
1.340061e-04 2.198316e-02
1.340337e-04 2.304408e-02
1.340614e-04 2.475201e-02
1.340890e-04 2.768253e-02
1.341166e-04 3.037219e-02
1.341443e-04 3.263524e-02
1.341719e-04 3.444621e-02
1.341995e-04 3.560618e-02
1.342272e-04 3.658920e-02
1.342548e-04 3.716502e-02
1.342825e-04 3.555295e-02
1.343101e-04 3.348384e-02
1.343378e-04 3.190586e-02
1.343654e-04 3.226834e-02
1.343931e-04 3.440705e-02
1.344207e-04 3.755286e-02
1.344484e-04 4.120204e-02
1.344760e-04 4.432150e-02
1.345037e-04 4.669143e-02
1.345314e-04 4.800748e-02
1.345590e-04 4.830543e-02
1.345867e-04 5.027855e-02
1.346143e-04 5.216659e-02
1.346420e-04 5.082656e-02
1.346697e-04 4.758553e-02
1.346974e-04 4.457330e-02
1.347250e-04 4.173623e-02
1.347527e-04 3.914199e-02
1.347804e-04 3.907389e-02
1.348080e-04 4.438049e-02
1.348357e-04 5.057634e-02
1.348634e-04 5.874795e-02
1.348911e-04 6.246233e-02
1.349188e-04 6.203011e-02
1.349465e-04 6.006331e-02
1.349741e-04 5.880839e-02
1.350018e-04 5.679353e-02
1.350295e-04 5.615807e-02
1.350572e-04 5.633599e-02
1.350849e-04 5.818021e-02
1.351126e-04 6.226537e-02
1.351403e-04 6.386730e-02
1.351680e-04 6.141040e-02
1.351957e-04 6.556180e-02
1.352234e-04 6.710560e-02
1.352511e-04 6.766341e-02
1.352788e-04 7.114264e-02
1.353065e-04 7.226623e-02
1.353342e-04 7.472440e-02
1.353619e-04 7.924606e-02
1.353896e-04 8.096640e-02
1.354173e-04 8.533083e-02
1.354450e-04 9.052230e-02
1.354728e-04 9.570841e-02
1.355005e-04 9.932116e-02
1.355282e-04 1.014843e-01
1.355559e-04 1.051198e-01
1.355836e-04 1.088750e-01
1.356114e-04 1.123350e-01
1.356391e-04 1.161701e-01
1.356668e-04 1.180528e-01
1.356945e-04 1.290720e-01
1.357223e-04 1.337138e-01
1.357500e-04 1.331649e-01
1.357777e-04 1.328343e-01
1.358055e-04 1.388442e-01
1.358332e-04 1.440354e-01
1.358609e-04 1.508910e-01
1.358887e-04 1.666972e-01
1.359164e-04 1.678342e-01
1.359441e-04 1.719173e-01
1.359719e-04 1.696093e-01
1.359996e-04 1.697584e-01
1.360274e-04 1.775334e-01
1.360551e-04 1.845085e-01
1.360829e-04 2.014268e-01
1.361106e-04 7.124468e-01
1.361384e-04 2.273557e-01
1.361661e-04 2.147969e-01
1.361939e-04 2.153205e-01
1.362216e-04 2.242136e-01
1.362494e-04 2.426200e-01
1.362771e-04 2.500017e-01
1.363049e-04 2.738331e-01
1.363326e-04 3.010144e-01
1.363604e-04 3.094035e-01
1.363882e-04 3.388646e-01
1.364159e-04 3.438004e-01
1.364437e-04 3.389145e-01
1.364715e-04 3.343821e-01
1.364992e-04 3.295937e-01
1.365270e-04 3.461133e-01
1.365548e-04 3.459478e-01
1.365825e-04 3.333721e-01
1.366103e-04 3.476958e-01
1.366381e-04 3.664856e-01
1.366659e-04 3.858846e-01
1.366936e-04 4.118598e-01
1.367214e-04 4.001845e-01
1.367492e-04 4.021166e-01
1.367770e-04 3.901340e-01
1.368048e-04 3.960851e-01
1.368325e-04 4.490940e-01
1.368603e-04 4.985164e-01
1.368881e-04 5.732243e-01
1.369159e-04 6.180473e-01
1.369437e-04 6.052360e-01
1.369715e-04 6.001016e-01
1.369993e-04 6.105081e-01
1.370271e-04 5.647862e-01
1.370549e-04 5.100795e-01
1.370827e-04 4.878112e-01
1.371105e-04 4.746819e-01
1.371383e-04 4.859101e-01
1.371661e-04 4.848635e-01
1.371939e-04 4.793626e-01
1.372217e-04 5.289713e-01
1.372495e-04 6.302019e-01
1.372773e-04 7.495938e-01
1.373051e-04 8.554291e-01
1.373329e-04 7.501466e-01
1.373607e-04 6.870360e-01
1.373885e-04 6.177844e-01
1.374163e-04 6.317464e-01
1.374441e-04 6.775362e-01
1.374719e-04 7.641667e-01
1.374997e-04 8.645930e-01
1.375276e-04 9.383096e-01
1.375554e-04 9.142464e-01
1.375832e-04 8.916444e-01
1.376110e-04 9.689925e-01
1.376388e-04 8.861204e-01
1.376666e-04 8.228413e-01
1.376945e-04 7.692341e-01
1.377223e-04 8.116536e-01
1.377501e-04 9.706577e-01
1.377779e-04 1.156366e+00
1.378058e-04 1.362427e+00
1.378336e-04 1.374039e+00
1.378614e-04 1.372772e+00
1.378893e-04 1.432450e+00
1.379171e-04 1.413795e+00
1.379449e-04 1.391812e+00
1.379728e-04 1.360560e+00
1.380006e-04 1.288454e+00
1.380284e-04 1.377597e+00
1.380563e-04 1.419844e+00
1.380841e-04 1.448888e+00
1.381119e-04 1.628922e+00
1.381398e-04 2.163662e+00
1.381676e-04 3.292275e+00
1.381955e-04 6.768292e+00
1.382233e-04 2.379189e+00
1.382511e-04 1.354524e+00
1.382790e-04 9.241436e-01
1.383068e-04 7.725004e-01
1.383347e-04 1.019375e+00
1.383625e-04 1.403717e+00
1.383904e-04 2.275440e+00
1.384182e-04 1.998298e+00
1.384461e-04 1.396925e+00
1.384739e-04 1.096341e+00
1.385018e-04 9.051328e-01
1.385297e-04 1.015059e+00
1.385575e-04 1.160709e+00
1.385854e-04 1.327291e+00
1.386132e-04 1.430678e+00
1.386411e-04 1.299135e+00
1.386689e-04 1.114195e+00
1.386968e-04 1.005451e+00
1.387247e-04 1.094207e+00
1.387525e-04 1.258724e+00
1.387804e-04 1.428548e+00
1.388083e-04 1.534999e+00
1.388361e-04 1.415130e+00
1.388640e-04 1.280259e+00
1.388919e-04 1.205887e+00
1.389197e-04 1.421735e+00
1.389476e-04 1.982358e+00
1.389755e-04 3.307520e+00
1.390033e-04 6.824867e+00
1.390312e-04 3.320424e+00
1.390591e-04 2.226856e+00
1.390870e-04 1.631899e+00
1.391148e-04 1.427113e+00
1.391427e-04 1.429956e+00
1.391706e-04 1.366880e+00
1.391985e-04 1.384272e+00
1.392264e-04 1.492070e+00
1.392542e-04 1.576240e+00
1.392821e-04 1.671831e+00
1.393100e-04 1.850024e+00
1.393379e-04 2.361415e+00
1.393658e-04 3.262418e+00
1.393937e-04 4.897652e+00
1.394215e-04 5.803022e+00
1.394494e-04 6.194668e+00
1.394773e-04 6.811059e+00
1.395052e-04 7.032833e+00
1.395331e-04 6.330684e+00
1.395610e-04 5.774338e+00
1.395889e-04 5.133530e+00
1.396168e-04 5.617951e+00
1.396447e-04 6.581983e+00
1.396726e-04 8.085196e+00
1.397005e-04 9.597917e+00
1.397284e-04 6.123602e+00
1.397563e-04 4.562050e+00
1.397841e-04 3.611790e+00
1.398120e-04 3.743247e+00
1.398399e-04 6.351261e+00
1.398678e-04 2.670149e+01
1.398957e-04 -1.110527e+01
1.399236e-04 -3.303918e+01
1.399516e-04 1.556354e+01
1.399795e-04 6.289052e+00
1.400074e-04 4.366912e+00
1.400353e-04 4.363401e+00
1.400632e-04 4.467590e+00
1.400911e-04 4.391839e+00
1.401190e-04 4.793254e+00
1.401469e-04 4.807933e+00
1.401748e-04 5.051188e+00
1.402027e-04 5.298787e+00
1.402306e-04 5.280493e+00
1.402585e-04 5.076234e+00
1.402864e-04 4.699500e+00
1.403144e-04 4.640264e+00
1.403423e-04 4.556368e+00
1.403702e-04 4.523345e+00
1.403981e-04 4.578380e+00
1.404260e-04 4.557443e+00
1.404539e-04 4.619827e+00
1.404818e-04 4.766341e+00
1.405098e-04 4.725776e+00
1.405377e-04 4.819214e+00
1.405656e-04 4.864986e+00
1.405935e-04 4.803678e+00
1.406214e-04 4.857335e+00
1.406494e-04 4.807049e+00
1.406773e-04 4.909311e+00
1.407052e-04 4.917491e+00
1.407331e-04 4.859237e+00
1.407611e-04 4.850951e+00
1.407890e-04 4.926574e+00
1.408169e-04 4.838782e+00
1.408448e-04 4.773225e+00
1.408728e-04 4.804504e+00
1.409007e-04 4.718572e+00
1.409286e-04 4.651696e+00
1.409565e-04 4.849145e+00
1.409845e-04 4.959746e+00
1.410124e-04 5.176647e+00
1.410403e-04 5.244529e+00
1.410683e-04 5.299152e+00
1.410962e-04 5.467765e+00
1.411241e-04 5.820302e+00
1.411521e-04 6.163983e+00
1.411800e-04 6.534930e+00
1.412079e-04 7.010745e+00
1.412359e-04 6.834406e+00
1.412638e-04 6.786277e+00
1.412917e-04 6.739815e+00
1.413197e-04 6.091775e+00
1.413476e-04 5.530877e+00
1.413756e-04 5.180792e+00
1.414035e-04 5.240617e+00
1.414314e-04 5.280984e+00
1.414594e-04 5.892733e+00
1.414873e-04 6.284069e+00
1.415153e-04 6.809194e+00
1.415432e-04 7.262270e+00
1.415711e-04 7.333395e+00
1.415991e-04 7.441007e+00
1.416270e-04 7.687534e+00
1.416550e-04 7.063583e+00
1.416829e-04 6.915505e+00
1.417109e-04 6.641853e+00
1.417388e-04 6.529482e+00
1.417668e-04 6.443516e+00
1.417947e-04 6.268651e+00
1.418226e-04 6.416506e+00
1.418506e-04 6.418077e+00
1.418785e-04 5.956959e+00
1.419065e-04 6.163400e+00
1.419344e-04 6.307739e+00
1.419624e-04 6.560243e+00
1.419903e-04 6.938196e+00
1.420183e-04 7.417516e+00
1.420462e-04 7.797089e+00
1.420742e-04 8.160111e+00
1.421021e-04 8.724326e+00
1.421301e-04 8.636163e+00
1.421581e-04 8.932967e+00
1.421860e-04 8.647780e+00
1.422140e-04 8.779022e+00
1.422419e-04 8.527648e+00
1.422699e-04 7.759512e+00
1.422978e-04 7.922775e+00
1.423258e-04 8.269870e+00
1.423537e-04 8.589007e+00
1.423817e-04 8.951211e+00
1.424097e-04 9.242237e+00
1.424376e-04 9.697745e+00
1.424656e-04 9.942321e+00
1.424935e-04 9.896090e+00
1.425215e-04 9.768507e+00
1.425494e-04 9.796806e+00
1.425774e-04 9.905065e+00
1.426054e-04 1.037198e+01
1.426333e-04 1.027934e+01
1.426613e-04 1.006950e+01
1.426892e-04 9.313877e+00
1.427172e-04 8.583504e+00
1.427452e-04 8.742529e+00
1.427731e-04 8.923448e+00
1.428011e-04 9.357150e+00
1.428291e-04 1.009383e+01
1.428570e-04 1.102077e+01
1.428850e-04 1.199250e+01
1.429129e-04 1.310054e+01
1.429409e-04 1.371582e+01
1.429689e-04 1.303148e+01
1.429968e-04 1.300922e+01
1.430248e-04 1.317119e+01
1.430528e-04 1.276779e+01
1.430807e-04 1.169745e+01
1.431087e-04 1.067672e+01
1.431367e-04 1.050388e+01
1.431646e-04 1.064045e+01
1.431926e-04 1.128273e+01
1.432206e-04 1.185365e+01
1.432485e-04 1.194229e+01
1.432765e-04 1.225116e+01
1.433045e-04 1.245957e+01
1.433324e-04 1.272302e+01
1.433604e-04 1.266350e+01
1.433884e-04 1.273784e+01
1.434164e-04 1.303648e+01
1.434443e-04 1.366709e+01
1.434723e-04 1.421809e+01
1.435003e-04 1.444499e+01
1.435282e-04 1.504388e+01
1.435562e-04 1.530351e+01
1.435842e-04 1.498932e+01
1.436121e-04 1.456439e+01
1.436401e-04 1.483027e+01
1.436681e-04 1.506100e+01
1.436961e-04 1.520163e+01
1.437240e-04 1.531269e+01
1.437520e-04 1.575756e+01
1.437800e-04 1.651557e+01
1.438080e-04 1.710229e+01
1.438359e-04 1.751615e+01
