1.427365e-04 2.208449e-01
1.427689e-04 2.360613e-01
1.428013e-04 2.181572e-01
1.428337e-04 2.343016e-01
1.428661e-04 2.396122e-01
1.428986e-04 2.307914e-01
1.429310e-04 2.315787e-01
1.429634e-04 2.311907e-01
1.429959e-04 2.331575e-01
1.430283e-04 2.310979e-01
1.430608e-04 2.298475e-01
1.430933e-04 2.310010e-01
1.431257e-04 2.368860e-01
1.431582e-04 2.397486e-01
1.431907e-04 2.317460e-01
1.432232e-04 2.266198e-01
1.432557e-04 2.403261e-01
1.432882e-04 2.430409e-01
1.433207e-04 2.296652e-01
1.433532e-04 2.382732e-01
1.433857e-04 2.414357e-01
1.434182e-04 2.345765e-01
1.434507e-04 2.405946e-01
1.434833e-04 2.456591e-01
1.435158e-04 2.438864e-01
1.435483e-04 2.522776e-01
1.435809e-04 2.488161e-01
1.436134e-04 2.503376e-01
1.436460e-04 2.467211e-01
1.436785e-04 2.498597e-01
1.437111e-04 2.537055e-01
1.437437e-04 2.557871e-01
1.437763e-04 2.570340e-01
1.438088e-04 2.533190e-01
1.438414e-04 2.452032e-01
1.438740e-04 2.542941e-01
1.439066e-04 2.578691e-01
1.439392e-04 2.556741e-01
1.439718e-04 2.555123e-01
1.440044e-04 2.612451e-01
1.440371e-04 2.708823e-01
1.440697e-04 2.517594e-01
1.441023e-04 2.552542e-01
1.441349e-04 2.654711e-01
1.441676e-04 2.656979e-01
1.442002e-04 2.633915e-01
1.442329e-04 2.625607e-01
1.442655e-04 2.595128e-01
1.442982e-04 2.582531e-01
1.443309e-04 2.591894e-01
1.443635e-04 2.531314e-01
1.443962e-04 2.601724e-01
1.444289e-04 2.651399e-01
1.444616e-04 2.647745e-01
1.444943e-04 2.600964e-01
1.445270e-04 2.469158e-01
1.445597e-04 2.521679e-01
1.445924e-04 2.635923e-01
1.446251e-04 2.687243e-01
1.446578e-04 2.629650e-01
1.446905e-04 2.557272e-01
1.447233e-04 2.610807e-01
1.447560e-04 2.736000e-01
1.447887e-04 2.713792e-01
1.448215e-04 2.627609e-01
1.448542e-04 2.627154e-01
1.448870e-04 2.706399e-01
1.449197e-04 2.740422e-01
1.449525e-04 2.771974e-01
1.449853e-04 2.762824e-01
1.450181e-04 2.740545e-01
1.450508e-04 2.720930e-01
1.450836e-04 2.695201e-01
1.451164e-04 2.618748e-01
1.451492e-04 2.766366e-01
1.451820e-04 2.784590e-01
1.452148e-04 2.800312e-01
1.452476e-04 2.794292e-01
1.452804e-04 2.846763e-01
1.453133e-04 2.859036e-01
1.453461e-04 2.835217e-01
1.453789e-04 2.885557e-01
1.454117e-04 2.923237e-01
1.454446e-04 2.925921e-01
1.454774e-04 2.851751e-01
1.455103e-04 2.845798e-01
1.455431e-04 3.001788e-01
1.455760e-04 3.026941e-01
1.456089e-04 2.961170e-01
1.456417e-04 2.947412e-01
1.456746e-04 2.909010e-01
1.457075e-04 3.073166e-01
1.457404e-04 2.976413e-01
1.457733e-04 2.824505e-01
1.458062e-04 3.105751e-01
1.458391e-04 3.165753e-01
1.458720e-04 3.174382e-01
1.459049e-04 3.146377e-01
1.459378e-04 3.114798e-01
1.459707e-04 3.139325e-01
1.460037e-04 3.055938e-01
1.460366e-04 2.910268e-01
1.460695e-04 2.720870e-01
1.461025e-04 2.570009e-01
1.461354e-04 2.263066e-01
1.461684e-04 1.952388e-01
1.462013e-04 1.753419e-01
1.462343e-04 1.743800e-01
1.462672e-04 1.711745e-01
1.463002e-04 1.692735e-01
1.463332e-04 1.474821e-01
1.463662e-04 1.395259e-01
1.463992e-04 1.329281e-01
1.464322e-04 1.237728e-01
1.464651e-04 1.157246e-01
1.464981e-04 1.093147e-01
1.465312e-04 1.043294e-01
1.465642e-04 9.467018e-02
1.465972e-04 9.004444e-02
1.466302e-04 8.284136e-02
1.466632e-04 7.869078e-02
1.466963e-04 7.515133e-02
1.467293e-04 7.144670e-02
1.467623e-04 6.928302e-02
1.467954e-04 6.604002e-02
1.468284e-04 5.875459e-02
1.468615e-04 5.692313e-02
1.468945e-04 5.341816e-02
1.469276e-04 4.937691e-02
1.469607e-04 4.595044e-02
1.469937e-04 4.148585e-02
1.470268e-04 3.949901e-02
1.470599e-04 3.756041e-02
1.470930e-04 3.546827e-02
1.471261e-04 3.356061e-02
1.471592e-04 3.087383e-02
1.471923e-04 2.998039e-02
1.472254e-04 2.818581e-02
1.472585e-04 2.848737e-02
1.472916e-04 2.728883e-02
1.473247e-04 4.653119e-02
1.473579e-04 2.757104e-02
1.473910e-04 2.611280e-02
1.474241e-04 2.536395e-02
1.474573e-04 2.496265e-02
1.474904e-04 2.277702e-02
1.475236e-04 2.071183e-02
1.475567e-04 1.919621e-02
1.475899e-04 1.820009e-02
1.476230e-04 1.729788e-02
1.476562e-04 1.706477e-02
1.476894e-04 1.621558e-02
1.477226e-04 1.591902e-02
1.477557e-04 1.552619e-02
1.477889e-04 1.547905e-02
1.478221e-04 1.540904e-02
1.478553e-04 1.470177e-02
1.478885e-04 1.336732e-02
1.479217e-04 1.250583e-02
1.479549e-04 1.194603e-02
1.479882e-04 1.199894e-02
1.480214e-04 1.236975e-02
1.480546e-04 1.329767e-02
1.480878e-04 1.267063e-02
1.481211e-04 1.173891e-02
1.481543e-04 1.127865e-02
1.481875e-04 1.207946e-02
1.482208e-04 1.243194e-02
1.482540e-04 1.227117e-02
1.482873e-04 1.194697e-02
1.483206e-04 1.140400e-02
1.483538e-04 1.054543e-02
1.483871e-04 9.723492e-03
1.484204e-04 9.869359e-03
1.484537e-04 1.006790e-02
1.484869e-04 9.930805e-03
1.485202e-04 9.483637e-03
1.485535e-04 8.915108e-03
1.485868e-04 8.011338e-03
1.486201e-04 7.239507e-03
1.486534e-04 7.141617e-03
1.486868e-04 7.244569e-03
1.487201e-04 7.417977e-03
1.487534e-04 7.464928e-03
1.487867e-04 7.807946e-03
1.488201e-04 8.365306e-03
1.488534e-04 8.176162e-03
1.488867e-04 1.332996e-02
1.489201e-04 1.040568e-02
1.489534e-04 8.553478e-03
1.489868e-04 9.163262e-03
1.490201e-04 8.811508e-03
1.490535e-04 8.005757e-03
1.490869e-04 7.133876e-03
1.491202e-04 6.641689e-03
1.491536e-04 6.583398e-03
1.491870e-04 6.655978e-03
1.492204e-04 6.635351e-03
1.492538e-04 6.771639e-03
1.492872e-04 6.913286e-03
1.493206e-04 6.885039e-03
1.493540e-04 6.599485e-03
1.493874e-04 6.304704e-03
1.494208e-04 6.086490e-03
1.494542e-04 5.804455e-03
1.494876e-04 5.648407e-03
1.495210e-04 5.803628e-03
1.495545e-04 5.208623e-03
1.495879e-04 5.291816e-03
1.496214e-04 6.053758e-03
1.496548e-04 6.231477e-03
1.496882e-04 6.064813e-03
1.497217e-04 5.762378e-03
1.497552e-04 5.595706e-03
1.497886e-04 5.744917e-03
1.498221e-04 6.040093e-03
1.498555e-04 6.109397e-03
1.498890e-04 6.124481e-03
1.499225e-04 6.316909e-03
1.499560e-04 6.681465e-03
1.499895e-04 6.859792e-03
1.500230e-04 6.832075e-03
1.500565e-04 6.782445e-03
1.500900e-04 6.687199e-03
1.501235e-04 6.599898e-03
1.501570e-04 6.582477e-03
1.501905e-04 6.644503e-03
1.502240e-04 6.498446e-03
1.502575e-04 6.312067e-03
1.502911e-04 6.082821e-03
1.503246e-04 5.786737e-03
1.503581e-04 5.703826e-03
1.503917e-04 5.916184e-03
1.504252e-04 6.259869e-03
1.504588e-04 6.654687e-03
1.504923e-04 6.999405e-03
1.505259e-04 7.406042e-03
1.505594e-04 7.559335e-03
1.505930e-04 7.625082e-03
1.506266e-04 7.728599e-03
1.506601e-04 7.562949e-03
1.506937e-04 7.372423e-03
1.507273e-04 7.311956e-03
1.507609e-04 6.907731e-03
1.507945e-04 6.578219e-03
1.508281e-04 6.960393e-03
1.508617e-04 6.501448e-03
1.508953e-04 7.152661e-03
1.509289e-04 7.692748e-03
1.509625e-04 7.468541e-03
1.509961e-04 7.413326e-03
1.510297e-04 7.497071e-03
1.510634e-04 7.523910e-03
1.510970e-04 7.567661e-03
1.511306e-04 7.717980e-03
1.511643e-04 7.663104e-03
1.511979e-04 7.461751e-03
1.512315e-04 7.276649e-03
1.512652e-04 7.193551e-03
1.512988e-04 7.146875e-03
1.513325e-04 7.113619e-03
1.513662e-04 7.175264e-03
1.513998e-04 7.377847e-03
1.514335e-04 7.636565e-03
1.514672e-04 7.803514e-03
1.515009e-04 7.917996e-03
1.515345e-04 7.728335e-03
1.515682e-04 7.495880e-03
1.516019e-04 7.419596e-03
1.516356e-04 7.430074e-03
1.516693e-04 7.528452e-03
1.517030e-04 7.455518e-03
1.517367e-04 7.629550e-03
1.517704e-04 7.779511e-03
1.518042e-04 7.630309e-03
1.518379e-04 7.456667e-03
1.518716e-04 7.408014e-03
1.519053e-04 7.700544e-03
1.519391e-04 7.806719e-03
1.519728e-04 7.927347e-03
1.520065e-04 8.077450e-03
1.520403e-04 8.301729e-03
1.520740e-04 8.163892e-03
1.521078e-04 7.988716e-03
1.521415e-04 8.166944e-03
1.521753e-04 8.322818e-03
1.522091e-04 8.300502e-03
1.522428e-04 8.311603e-03
1.522766e-04 8.115691e-03
1.523104e-04 8.081850e-03
1.523442e-04 8.099073e-03
1.523780e-04 7.981255e-03
1.524118e-04 7.791534e-03
1.524455e-04 7.838991e-03
1.524793e-04 7.960456e-03
1.525131e-04 7.976471e-03
1.525470e-04 8.040141e-03
1.525808e-04 8.059076e-03
1.526146e-04 8.071757e-03
1.526484e-04 7.998187e-03
1.526822e-04 8.068943e-03
1.527160e-04 8.057989e-03
1.527499e-04 8.106589e-03
1.527837e-04 8.018480e-03
1.528175e-04 7.860967e-03
1.528514e-04 7.809372e-03
1.528852e-04 7.708060e-03
1.529191e-04 7.627923e-03
1.529529e-04 7.692491e-03
1.529868e-04 7.730010e-03
1.530206e-04 7.695999e-03
1.530545e-04 7.644010e-03
1.530884e-04 7.799312e-03
1.531223e-04 7.939796e-03
1.531561e-04 8.114795e-03
1.531900e-04 8.219457e-03
1.532239e-04 8.256706e-03
1.532578e-04 8.252029e-03
1.532917e-04 8.133757e-03
1.533256e-04 8.103361e-03
1.533595e-04 8.079052e-03
1.533934e-04 8.004756e-03
1.534273e-04 8.026861e-03
1.534612e-04 8.047779e-03
1.534951e-04 7.991121e-03
1.535290e-04 8.041219e-03
1.535630e-04 8.133663e-03
1.535969e-04 8.095384e-03
1.536308e-04 8.056261e-03
1.536648e-04 8.026065e-03
1.536987e-04 8.029576e-03
1.537326e-04 8.084030e-03
1.537666e-04 8.026902e-03
1.538005e-04 7.867386e-03
1.538345e-04 7.808796e-03
1.538684e-04 7.754947e-03
1.539024e-04 7.688850e-03
1.539364e-04 7.722676e-03
1.539703e-04 7.759926e-03
1.540043e-04 7.835979e-03
1.540383e-04 7.885687e-03
1.540723e-04 7.948759e-03
1.541063e-04 7.980010e-03
1.541402e-04 8.035554e-03
1.541742e-04 7.970962e-03
1.542082e-04 8.216111e-03
1.542422e-04 8.334228e-03
1.542762e-04 8.405431e-03
1.543102e-04 8.450367e-03
1.543443e-04 9.201749e-03
1.543783e-04 8.884245e-03
1.544123e-04 8.274171e-03
1.544463e-04 8.246117e-03
1.544803e-04 8.414683e-03
1.545144e-04 8.455619e-03
1.545484e-04 8.429087e-03
1.545824e-04 8.376719e-03
1.546165e-04 8.339432e-03
1.546505e-04 8.371784e-03
1.546846e-04 8.399529e-03
1.547186e-04 8.335607e-03
1.547527e-04 8.339471e-03
1.547867e-04 8.404616e-03
1.548208e-04 8.350278e-03
1.548549e-04 8.265662e-03
1.548889e-04 8.227302e-03
1.549230e-04 8.273178e-03
1.549571e-04 8.307595e-03
1.549912e-04 8.273537e-03
1.550253e-04 8.291301e-03
1.550593e-04 8.308367e-03
1.550934e-04 8.281136e-03
1.551275e-04 8.267269e-03
1.551616e-04 8.285779e-03
1.551957e-04 8.286221e-03
1.552298e-04 8.358954e-03
1.552639e-04 8.465767e-03
1.552981e-04 8.439253e-03
1.553322e-04 8.419176e-03
1.553663e-04 8.498772e-03
1.554004e-04 8.591766e-03
1.554345e-04 8.683344e-03
1.554687e-04 8.829081e-03
1.555028e-04 8.940999e-03
1.555370e-04 9.001496e-03
1.555711e-04 8.993657e-03
1.556052e-04 9.012624e-03
1.556394e-04 9.033340e-03
1.556735e-04 8.981293e-03
1.557077e-04 8.989051e-03
1.557419e-04 8.938633e-03
1.557760e-04 8.857443e-03
1.558102e-04 8.709740e-03
1.558444e-04 8.710327e-03
1.558785e-04 8.650624e-03
1.559127e-04 8.621860e-03
1.559469e-04 8.580968e-03
1.559811e-04 8.540945e-03
1.560153e-04 8.451981e-03
1.560495e-04 8.408604e-03
1.560837e-04 8.410600e-03
1.561179e-04 8.637801e-03
1.561521e-04 8.398080e-03
1.561863e-04 8.381933e-03
1.562205e-04 8.341700e-03
1.562547e-04 8.312151e-03
1.562889e-04 8.392134e-03
1.563231e-04 8.330478e-03
1.563573e-04 8.477712e-03
1.563916e-04 8.554662e-03
1.564258e-04 8.599016e-03
1.564600e-04 8.599798e-03
1.564943e-04 8.619687e-03
1.565285e-04 8.611734e-03
1.565627e-04 8.610099e-03
1.565970e-04 8.688604e-03
1.566312e-04 8.682657e-03
1.566655e-04 8.717692e-03
1.566998e-04 8.674143e-03
1.567340e-04 8.693034e-03
1.567683e-04 8.713491e-03
1.568025e-04 8.691621e-03
1.568368e-04 8.743812e-03
1.568711e-04 8.830410e-03
1.569054e-04 9.049433e-03
1.569397e-04 8.755189e-03
1.569739e-04 8.669494e-03
1.570082e-04 8.445006e-03
1.570425e-04 8.189967e-03
1.570768e-04 8.578917e-03
1.571111e-04 8.533417e-03
1.571454e-04 8.283965e-03
1.571797e-04 8.327939e-03
1.572140e-04 8.233185e-03
1.572483e-04 8.063769e-03
1.572826e-04 7.893269e-03
1.573170e-04 7.869744e-03
1.573513e-04 7.921980e-03
1.573856e-04 7.806472e-03
1.574199e-04 7.779949e-03
1.574543e-04 7.842310e-03
1.574886e-04 7.830110e-03
1.575229e-04 7.855743e-03
1.575573e-04 7.776483e-03
1.575916e-04 7.880367e-03
1.576260e-04 7.674284e-03
1.576603e-04 7.822240e-03
1.576947e-04 7.647410e-03
1.577290e-04 7.747178e-03
1.577634e-04 7.701961e-03
1.577977e-04 7.707455e-03
1.578321e-04 7.746203e-03
1.578665e-04 7.773262e-03
1.579009e-04 7.804664e-03
1.579352e-04 7.776134e-03
1.579696e-04 7.796512e-03
1.580040e-04 7.805674e-03
1.580384e-04 7.799278e-03
1.580728e-04 7.871585e-03
1.581072e-04 7.736025e-03
1.581416e-04 7.748803e-03
1.581760e-04 7.724265e-03
1.582104e-04 7.675086e-03
1.582448e-04 7.610536e-03
1.582792e-04 7.554325e-03
1.583136e-04 7.638349e-03
1.583480e-04 7.795815e-03
1.583824e-04 7.824960e-03
1.584168e-04 7.859530e-03
1.584513e-04 8.152901e-03
1.584857e-04 8.157732e-03
1.585201e-04 8.233424e-03
1.585545e-04 8.333714e-03
1.585890e-04 8.461240e-03
1.586234e-04 8.434612e-03
1.586579e-04 8.394311e-03
1.586923e-04 8.368837e-03
1.587268e-04 8.486567e-03
1.587612e-04 8.469363e-03
1.587957e-04 8.398631e-03
1.588301e-04 8.328867e-03
1.588646e-04 8.238215e-03
1.588991e-04 8.127934e-03
1.589335e-04 8.086152e-03
1.589680e-04 8.087788e-03
1.590025e-04 8.032619e-03
1.590369e-04 7.997147e-03
1.590714e-04 8.036609e-03
1.591059e-04 8.053006e-03
1.591404e-04 8.083748e-03
1.591749e-04 8.042703e-03
1.592094e-04 8.064752e-03
1.592439e-04 8.018565e-03
1.592784e-04 7.956153e-03
1.593129e-04 7.916291e-03
1.593474e-04 7.809735e-03
1.593819e-04 7.813734e-03
1.594164e-04 7.762708e-03
1.594509e-04 7.646803e-03
1.594854e-04 7.572611e-03
1.595199e-04 7.509768e-03
1.595545e-04 7.460595e-03
1.595890e-04 7.448256e-03
1.596235e-04 7.496509e-03
1.596580e-04 7.542017e-03
1.596926e-04 7.494949e-03
1.597271e-04 7.539607e-03
1.597616e-04 7.649345e-03
1.597962e-04 7.672130e-03
1.598307e-04 7.661593e-03
1.598653e-04 7.630672e-03
1.598998e-04 7.571549e-03
1.599344e-04 7.503707e-03
1.599689e-04 7.496891e-03
1.600035e-04 7.429567e-03
1.600381e-04 7.316305e-03
1.600726e-04 7.233903e-03
1.601072e-04 7.188923e-03
1.601418e-04 7.096265e-03
1.601763e-04 7.080204e-03
1.602109e-04 7.054670e-03
1.602455e-04 7.029763e-03
1.602801e-04 6.981273e-03
1.603147e-04 6.940274e-03
1.603493e-04 7.041490e-03
1.603839e-04 7.188223e-03
1.604185e-04 7.222570e-03
1.604531e-04 7.229125e-03
1.604877e-04 7.342428e-03
1.605223e-04 7.439714e-03
1.605569e-04 7.414404e-03
1.605915e-04 7.317535e-03
1.606261e-04 7.317621e-03
1.606607e-04 7.300529e-03
1.606953e-04 7.239114e-03
1.607299e-04 7.301937e-03
1.607646e-04 7.336588e-03
1.607992e-04 7.470805e-03
1.608338e-04 7.630896e-03
1.608684e-04 7.667840e-03
1.609031e-04 7.788372e-03
1.609377e-04 7.829989e-03
1.609724e-04 7.942444e-03
1.610070e-04 8.060243e-03
1.610416e-04 7.934508e-03
1.610763e-04 7.678555e-03
1.611109e-04 7.609206e-03
1.611456e-04 7.710785e-03
1.611803e-04 7.846741e-03
1.612149e-04 7.838880e-03
1.612496e-04 7.724470e-03
1.612842e-04 7.647418e-03
1.613189e-04 7.670260e-03
1.613536e-04 7.654394e-03
1.613883e-04 7.564708e-03
1.614229e-04 7.510280e-03
1.614576e-04 7.559674e-03
1.614923e-04 7.547753e-03
1.615270e-04 7.566709e-03
1.615617e-04 7.565484e-03
1.615964e-04 7.585459e-03
1.616310e-04 7.529044e-03
1.616657e-04 7.476627e-03
1.617004e-04 7.525235e-03
1.617351e-04 7.488867e-03
1.617698e-04 7.509764e-03
1.618045e-04 7.535664e-03
1.618393e-04 7.519782e-03
1.618740e-04 7.512972e-03
1.619087e-04 7.541301e-03
1.619434e-04 7.506969e-03
1.619781e-04 7.538227e-03
1.620128e-04 7.589072e-03
1.620476e-04 7.623474e-03
1.620823e-04 7.641464e-03
1.621170e-04 7.650041e-03
1.621517e-04 7.656991e-03
1.621865e-04 7.735514e-03
1.622212e-04 7.648627e-03
1.622560e-04 7.718095e-03
1.622907e-04 7.739363e-03
1.623254e-04 7.721866e-03
1.623602e-04 7.668494e-03
1.623949e-04 7.713983e-03
1.624297e-04 7.687273e-03
1.624644e-04 7.650666e-03
1.624992e-04 7.530527e-03
1.625340e-04 7.653055e-03
1.625687e-04 7.658265e-03
1.626035e-04 7.677439e-03
1.626383e-04 7.656568e-03
1.626730e-04 7.710456e-03
1.627078e-04 7.678289e-03
1.627426e-04 7.658370e-03
1.627774e-04 7.720366e-03
1.628121e-04 7.630306e-03
1.628469e-04 7.606556e-03
1.628817e-04 7.618131e-03
1.629165e-04 7.589601e-03
1.629513e-04 7.578300e-03
1.629861e-04 7.571459e-03
1.630209e-04 7.509587e-03
1.630557e-04 7.395718e-03
1.630905e-04 7.429961e-03
1.631253e-04 7.447905e-03
1.631601e-04 7.405280e-03
1.631949e-04 7.374792e-03
1.632297e-04 7.377351e-03
1.632645e-04 7.373325e-03
1.632993e-04 7.475249e-03
1.633341e-04 7.517605e-03
1.633690e-04 7.410263e-03
1.634038e-04 7.510100e-03
1.634386e-04 7.451616e-03
1.634734e-04 7.375446e-03
1.635083e-04 7.376658e-03
1.635431e-04 7.286088e-03
1.635779e-04 7.346874e-03
1.636128e-04 7.288362e-03
1.636476e-04 7.352293e-03
1.636825e-04 7.249670e-03
1.637173e-04 7.391044e-03
1.637521e-04 7.351672e-03
1.637870e-04 7.555843e-03
1.638218e-04 7.537123e-03
1.638567e-04 7.598117e-03
1.638916e-04 7.698456e-03
1.639264e-04 7.726681e-03
1.639613e-04 7.803573e-03
1.639961e-04 7.858381e-03
1.640310e-04 7.833680e-03
1.640659e-04 7.750258e-03
1.641007e-04 7.959043e-03
1.641356e-04 7.863801e-03
1.641705e-04 7.689848e-03
1.642054e-04 7.618507e-03
1.642403e-04 7.596445e-03
1.642751e-04 7.527255e-03
1.643100e-04 7.423538e-03
1.643449e-04 7.385572e-03
1.643798e-04 7.267451e-03
1.644147e-04 7.318063e-03
1.644496e-04 7.237818e-03
1.644845e-04 7.163158e-03
1.645194e-04 7.268412e-03
1.645543e-04 7.310989e-03
1.645892e-04 7.369324e-03
1.646241e-04 7.335167e-03
1.646590e-04 7.437388e-03
1.646939e-04 7.398591e-03
1.647288e-04 7.359236e-03
1.647637e-04 7.274896e-03
1.647986e-04 7.290713e-03
1.648336e-04 7.248822e-03
1.648685e-04 7.192532e-03
1.649034e-04 7.178150e-03
1.649383e-04 7.171696e-03
1.649733e-04 7.053613e-03
1.650082e-04 6.848097e-03
1.650431e-04 6.945452e-03
1.650780e-04 7.094458e-03
1.651130e-04 7.062636e-03
1.651479e-04 7.046730e-03
1.651829e-04 7.206666e-03
1.652178e-04 7.182525e-03
1.652527e-04 7.149434e-03
1.652877e-04 7.157484e-03
1.653226e-04 7.190949e-03
1.653576e-04 7.198277e-03
1.653925e-04 7.138958e-03
1.654275e-04 7.239098e-03
1.654625e-04 7.243866e-03
1.654974e-04 7.327245e-03
1.655324e-04 7.369838e-03
1.655673e-04 7.351504e-03
1.656023e-04 7.391213e-03
1.656373e-04 7.481302e-03
1.656723e-04 7.553220e-03
1.657072e-04 7.564071e-03
1.657422e-04 7.512656e-03
1.657772e-04 7.387073e-03
1.658122e-04 7.485536e-03
1.658471e-04 7.477145e-03
1.658821e-04 7.523610e-03
1.659171e-04 7.534434e-03
1.659521e-04 7.562064e-03
1.659871e-04 7.457449e-03
1.660221e-04 7.374019e-03
1.660571e-04 7.320907e-03
1.660921e-04 7.320141e-03
1.661271e-04 7.252084e-03
1.661621e-04 7.237078e-03
1.661971e-04 7.215575e-03
1.662321e-04 7.269883e-03
1.662671e-04 7.355415e-03
1.663021e-04 7.302802e-03
1.663371e-04 7.302079e-03
1.663721e-04 7.300620e-03
1.664071e-04 7.271974e-03
1.664421e-04 7.216230e-03
1.664771e-04 7.091795e-03
1.665122e-04 6.901871e-03
1.665472e-04 6.861007e-03
1.665822e-04 6.842152e-03
1.666172e-04 6.859152e-03
1.666523e-04 6.993125e-03
1.666873e-04 7.165581e-03
1.667223e-04 7.218385e-03
1.667574e-04 7.271515e-03
1.667924e-04 7.311065e-03
1.668274e-04 7.277405e-03
1.668625e-04 7.255588e-03
1.668975e-04 7.274607e-03
1.669326e-04 7.310269e-03
1.669676e-04 7.264691e-03
1.670026e-04 7.241721e-03
1.670377e-04 7.230059e-03
1.670727e-04 7.209965e-03
1.671078e-04 7.183395e-03
1.671429e-04 7.199755e-03
1.671779e-04 7.264128e-03
1.672130e-04 7.279565e-03
1.672480e-04 7.242797e-03
1.672831e-04 7.242752e-03
1.673182e-04 7.202669e-03
1.673532e-04 7.137526e-03
1.673883e-04 7.122371e-03
1.674234e-04 7.026727e-03
1.674584e-04 7.064208e-03
1.674935e-04 7.108426e-03
1.675286e-04 7.029771e-03
1.675637e-04 6.981200e-03
1.675987e-04 6.955726e-03
1.676338e-04 6.959948e-03
1.676689e-04 7.006599e-03
1.677040e-04 7.062266e-03
1.677391e-04 7.150553e-03
1.677742e-04 7.272142e-03
1.678093e-04 7.212200e-03
1.678443e-04 7.125008e-03
1.678794e-04 7.376755e-03
1.679145e-04 7.520295e-03
1.679496e-04 7.542434e-03
1.679847e-04 7.509771e-03
1.680198e-04 7.438155e-03
1.680549e-04 7.461889e-03
1.680900e-04 7.402725e-03
1.681251e-04 7.320742e-03
1.681603e-04 7.348271e-03
1.681954e-04 7.298190e-03
1.682305e-04 7.262957e-03
1.682656e-04 7.202469e-03
1.683007e-04 7.040373e-03
1.683358e-04 7.030360e-03
1.683709e-04 6.987251e-03
1.684061e-04 7.002128e-03
1.684412e-04 6.940085e-03
1.684763e-04 6.957970e-03
1.685114e-04 6.982268e-03
1.685466e-04 6.980391e-03
1.685817e-04 6.881840e-03
1.686168e-04 6.931166e-03
1.686519e-04 6.865592e-03
1.686871e-04 6.772028e-03
1.687222e-04 6.783340e-03
1.687574e-04 6.795592e-03
1.687925e-04 6.805185e-03
1.688276e-04 6.795311e-03
1.688628e-04 6.797587e-03
1.688979e-04 6.694483e-03
1.689331e-04 6.681311e-03
1.689682e-04 6.658834e-03
1.690034e-04 7.007891e-03
1.690385e-04 8.290911e-03
1.690737e-04 6.530489e-03
1.691088e-04 6.600062e-03
1.691440e-04 6.709871e-03
1.691791e-04 6.722053e-03
1.692143e-04 6.784096e-03
1.692494e-04 6.835427e-03
1.692846e-04 6.812592e-03
1.693198e-04 6.760716e-03
1.693549e-04 6.715087e-03
1.693901e-04 6.728359e-03
1.694253e-04 6.682547e-03
1.694604e-04 6.666086e-03
1.694956e-04 6.728075e-03
1.695308e-04 6.772783e-03
1.695660e-04 6.730575e-03
1.696011e-04 6.567177e-03
1.696363e-04 6.509602e-03
1.696715e-04 6.452314e-03
1.697067e-04 6.541747e-03
1.697419e-04 6.468207e-03
1.697770e-04 6.577238e-03
1.698122e-04 6.668472e-03
1.698474e-04 6.598844e-03
1.698826e-04 6.642967e-03
1.699178e-04 6.627737e-03
1.699530e-04 6.531397e-03
1.699882e-04 6.466933e-03
1.700234e-04 6.504023e-03
1.700586e-04 6.540541e-03
1.700938e-04 6.519587e-03
1.701290e-04 6.526878e-03
1.701642e-04 6.607492e-03
1.701994e-04 6.686931e-03
1.702346e-04 6.694483e-03
1.702698e-04 6.766223e-03
1.703050e-04 6.725242e-03
1.703402e-04 6.798761e-03
1.703754e-04 6.770748e-03
1.704106e-04 6.614282e-03
1.704458e-04 6.510187e-03
1.704810e-04 6.658251e-03
1.705162e-04 6.725228e-03
1.705515e-04 6.625357e-03
1.705867e-04 6.646891e-03
1.706219e-04 6.537619e-03
1.706571e-04 6.508378e-03
1.706923e-04 6.529094e-03
1.707276e-04 6.386102e-03
1.707628e-04 6.338232e-03
1.707980e-04 6.318636e-03
1.708332e-04 6.433319e-03
1.708685e-04 6.361277e-03
1.709037e-04 6.356791e-03
1.709389e-04 6.407661e-03
1.709742e-04 6.497495e-03
1.710094e-04 6.538150e-03
1.710446e-04 6.557447e-03
1.710799e-04 6.497234e-03
1.711151e-04 6.442036e-03
1.711504e-04 6.530116e-03
1.711856e-04 6.435193e-03
1.712208e-04 6.481713e-03
1.712561e-04 6.382534e-03
1.712913e-04 6.258737e-03
1.713266e-04 6.305242e-03
1.713618e-04 6.248475e-03
1.713971e-04 6.250140e-03
1.714323e-04 6.247110e-03
1.714676e-04 6.286839e-03
1.715028e-04 6.285289e-03
1.715381e-04 6.481125e-03
1.715733e-04 6.449120e-03
1.716086e-04 6.482971e-03
1.716438e-04 6.528460e-03
1.716791e-04 6.544589e-03
1.717144e-04 6.598522e-03
1.717496e-04 6.714005e-03
1.717849e-04 6.765560e-03
1.718202e-04 6.756895e-03
1.718554e-04 6.684075e-03
1.718907e-04 6.688788e-03
1.719260e-04 6.621939e-03
1.719612e-04 6.501779e-03
1.719965e-04 6.493659e-03
1.720318e-04 6.284231e-03
1.720670e-04 6.087629e-03
1.721023e-04 6.111558e-03
1.721376e-04 6.075910e-03
1.721729e-04 6.032362e-03
1.722081e-04 6.147801e-03
1.722434e-04 6.135000e-03
1.722787e-04 6.052892e-03
1.723140e-04 5.975829e-03
1.723493e-04 5.924022e-03
1.723845e-04 5.835771e-03
1.724198e-04 5.817991e-03
1.724551e-04 5.846423e-03
1.724904e-04 5.959849e-03
1.725257e-04 6.041790e-03
1.725610e-04 6.256589e-03
1.725963e-04 6.390582e-03
1.726316e-04 6.411845e-03
1.726669e-04 6.420805e-03
1.727022e-04 6.437849e-03
1.727374e-04 6.375402e-03
1.727727e-04 6.321465e-03
1.728080e-04 6.244447e-03
1.728433e-04 6.291127e-03
1.728786e-04 6.288587e-03
1.729139e-04 6.257230e-03
1.729492e-04 6.338871e-03
1.729845e-04 6.373304e-03
1.730198e-04 6.337589e-03
1.730552e-04 6.131614e-03
1.730905e-04 5.845225e-03
1.731258e-04 5.759843e-03
1.731611e-04 5.763028e-03
1.731964e-04 5.773744e-03
1.732317e-04 5.799352e-03
1.732670e-04 5.902672e-03
1.733023e-04 6.161911e-03
1.733376e-04 6.362565e-03
1.733729e-04 6.437729e-03
1.734083e-04 6.493922e-03
1.734436e-04 6.378669e-03
1.734789e-04 6.291018e-03
1.735142e-04 6.179491e-03
1.735495e-04 6.087024e-03
1.735848e-04 5.955356e-03
1.736202e-04 5.897488e-03
1.736555e-04 5.973284e-03
1.736908e-04 6.102241e-03
1.737261e-04 6.234712e-03
1.737615e-04 6.353528e-03
1.737968e-04 6.393002e-03
1.738321e-04 6.338913e-03
1.738674e-04 6.217962e-03
1.739028e-04 6.095423e-03
1.739381e-04 5.939371e-03
1.739734e-04 5.771565e-03
1.740088e-04 5.557272e-03
1.740441e-04 5.436762e-03
1.740794e-04 5.375722e-03
1.741148e-04 5.399310e-03
1.741501e-04 5.358303e-03
1.741854e-04 5.492776e-03
1.742208e-04 5.716441e-03
1.742561e-04 5.885766e-03
1.742915e-04 5.932700e-03
1.743268e-04 5.851881e-03
1.743621e-04 5.786672e-03
1.743975e-04 5.772378e-03
1.744328e-04 5.719634e-03
1.744682e-04 5.570899e-03
1.745035e-04 5.441427e-03
1.745389e-04 5.415271e-03
1.745742e-04 5.243109e-03
1.746096e-04 5.008129e-03
1.746449e-04 4.804718e-03
1.746802e-04 4.717093e-03
1.747156e-04 4.715015e-03
1.747509e-04 4.827375e-03
1.747863e-04 5.121535e-03
1.748217e-04 5.467609e-03
1.748570e-04 5.686366e-03
1.748924e-04 5.767140e-03
1.749277e-04 5.849994e-03
1.749631e-04 5.853842e-03
1.749984e-04 5.772876e-03
1.750338e-04 5.712307e-03
1.750691e-04 5.681584e-03
1.751045e-04 5.623977e-03
1.751399e-04 5.586055e-03
1.751752e-04 5.571258e-03
1.752106e-04 5.659428e-03
1.752459e-04 5.867793e-03
1.752813e-04 5.956694e-03
1.753167e-04 5.833146e-03
1.753520e-04 5.827063e-03
1.753874e-04 5.712418e-03
1.754228e-04 5.518821e-03
1.754581e-04 5.448347e-03
1.754935e-04 5.348233e-03
1.755289e-04 5.170057e-03
1.755642e-04 4.991048e-03
1.755996e-04 5.084787e-03
1.756350e-04 5.024497e-03
1.756703e-04 5.020719e-03
1.757057e-04 5.011771e-03
1.757411e-04 5.136153e-03
1.757765e-04 5.200979e-03
1.758118e-04 5.439788e-03
1.758472e-04 5.658998e-03
1.758826e-04 5.786041e-03
1.759180e-04 5.785402e-03
1.759533e-04 5.740187e-03
1.759887e-04 5.629283e-03
1.760241e-04 5.556452e-03
1.760595e-04 5.398384e-03
1.760948e-04 5.425448e-03
1.761302e-04 5.103130e-03
1.761656e-04 5.069188e-03
1.762010e-04 5.105570e-03
1.762364e-04 5.167222e-03
1.762717e-04 5.115665e-03
1.763071e-04 5.159255e-03
1.763425e-04 5.150224e-03
1.763779e-04 5.257597e-03
1.764133e-04 5.150439e-03
1.764487e-04 5.039081e-03
1.764840e-04 4.744120e-03
1.765194e-04 4.572631e-03
1.765548e-04 4.372920e-03
1.765902e-04 4.229371e-03
1.766256e-04 4.203711e-03
1.766610e-04 4.193085e-03
1.766964e-04 4.839366e-03
1.767318e-04 4.971013e-03
1.767672e-04 5.017840e-03
1.768025e-04 4.957491e-03
1.768379e-04 4.817322e-03
1.768733e-04 4.734655e-03
1.769087e-04 4.708188e-03
1.769441e-04 4.645440e-03
1.769795e-04 4.586560e-03
1.770149e-04 4.520833e-03
1.770503e-04 4.644144e-03
1.770857e-04 4.689935e-03
1.771211e-04 4.799104e-03
1.771565e-04 4.987239e-03
1.771919e-04 4.946023e-03
1.772273e-04 5.004227e-03
1.772627e-04 4.892151e-03
1.772981e-04 4.710089e-03
1.773335e-04 4.523379e-03
1.773689e-04 4.391965e-03
1.774043e-04 4.250656e-03
1.774397e-04 4.071936e-03
1.774751e-04 4.004602e-03
1.775105e-04 4.004845e-03
1.775459e-04 4.042016e-03
1.775813e-04 4.094450e-03
1.776167e-04 3.976124e-03
1.776521e-04 3.912241e-03
1.776875e-04 4.118187e-03
1.777229e-04 4.145428e-03
1.777583e-04 4.250953e-03
1.777937e-04 4.272268e-03
1.778291e-04 4.093706e-03
1.778645e-04 4.147575e-03
1.778999e-04 4.062806e-03
1.779353e-04 4.161848e-03
1.779707e-04 4.386344e-03
1.780061e-04 4.653395e-03
1.780415e-04 4.742729e-03
1.780769e-04 4.687283e-03
1.781123e-04 4.586656e-03
1.781477e-04 4.567700e-03
1.781832e-04 4.667029e-03
1.782186e-04 4.963854e-03
1.782540e-04 5.280974e-03
1.782894e-04 5.375937e-03
1.783248e-04 5.216512e-03
1.783602e-04 5.032614e-03
1.783956e-04 4.754391e-03
1.784310e-04 4.730975e-03
1.784664e-04 4.474390e-03
1.785018e-04 4.185329e-03
1.785372e-04 4.357620e-03
1.785727e-04 4.807519e-03
1.786081e-04 4.937609e-03
1.786435e-04 5.131502e-03
1.786789e-04 5.650488e-03
1.787143e-04 5.971184e-03
1.787497e-04 6.107610e-03
1.787851e-04 6.404899e-03
1.788206e-04 7.149518e-03
1.788560e-04 7.452816e-03
1.788914e-04 7.395314e-03
1.789268e-04 7.508608e-03
1.789622e-04 7.657267e-03
1.789976e-04 7.560014e-03
1.790330e-04 7.519980e-03
1.790685e-04 7.378644e-03
1.791039e-04 7.058419e-03
1.791393e-04 6.731320e-03
1.791747e-04 6.977296e-03
1.792101e-04 6.964610e-03
1.792455e-04 7.282907e-03
1.792810e-04 7.473346e-03
1.793164e-04 7.749255e-03
1.793518e-04 7.805136e-03
1.793872e-04 7.938076e-03
1.794226e-04 8.056174e-03
1.794580e-04 8.791556e-03
1.794935e-04 9.259266e-03
1.795289e-04 9.516115e-03
1.795643e-04 9.684555e-03
1.795997e-04 9.768810e-03
1.796351e-04 1.035160e-02
1.796705e-04 1.079812e-02
1.797060e-04 1.130172e-02
1.797414e-04 1.157112e-02
1.797768e-04 1.206585e-02
1.798122e-04 1.260524e-02
1.798476e-04 1.324813e-02
1.798831e-04 1.358783e-02
1.799185e-04 1.399146e-02
1.799539e-04 1.396987e-02
1.799893e-04 1.393289e-02
1.800247e-04 1.389933e-02
1.800602e-04 1.421017e-02
1.800956e-04 1.490264e-02
1.801310e-04 1.511371e-02
1.801664e-04 1.551842e-02
1.802018e-04 1.630227e-02
1.802373e-04 1.584688e-02
1.802727e-04 1.690227e-02
1.803081e-04 1.850833e-02
1.803435e-04 1.936635e-02
1.803789e-04 2.081339e-02
1.804144e-04 2.184124e-02
1.804498e-04 2.163842e-02
1.804852e-04 2.290620e-02
1.805206e-04 2.514488e-02
1.805560e-04 2.515678e-02
1.805915e-04 2.527142e-02
1.806269e-04 2.721494e-02
1.806623e-04 2.893509e-02
1.806977e-04 3.054734e-02
1.807331e-04 3.128121e-02
1.807686e-04 3.190338e-02
1.808040e-04 3.300356e-02
1.808394e-04 3.525992e-02
1.808748e-04 3.756575e-02
1.809102e-04 3.890293e-02
1.809457e-04 3.941131e-02
1.809811e-04 3.974552e-02
1.810165e-04 3.965671e-02
1.810519e-04 3.977358e-02
1.810874e-04 4.166671e-02
1.811228e-04 1.678666e-01
1.811582e-04 1.851894e-01
1.811936e-04 4.347895e-02
1.812290e-04 4.094957e-02
1.812645e-04 3.954468e-02
1.812999e-04 3.739784e-02
1.813353e-04 3.924619e-02
1.813707e-04 3.857998e-02
1.814061e-04 4.079916e-02
1.814416e-04 4.122553e-02
1.814770e-04 4.042883e-02
1.815124e-04 4.074898e-02
1.815478e-04 4.002516e-02
1.815832e-04 3.990297e-02
1.816186e-04 3.589173e-02
1.816541e-04 3.143282e-02
1.816895e-04 3.598189e-02
1.817249e-04 3.966175e-02
1.817603e-04 3.974850e-02
1.817957e-04 3.999175e-02
1.818312e-04 4.057047e-02
1.818666e-04 3.867817e-02
1.819020e-04 3.993351e-02
1.819374e-04 4.080188e-02
1.819728e-04 4.076237e-02
1.820082e-04 3.963252e-02
1.820437e-04 4.008949e-02
1.820791e-04 4.025992e-02
1.821145e-04 4.102418e-02
1.821499e-04 4.007169e-02
1.821853e-04 3.812174e-02
1.822207e-04 3.891749e-02
1.822562e-04 3.894668e-02
1.822916e-04 3.806798e-02
1.823270e-04 3.756362e-02
1.823624e-04 3.662575e-02
1.823978e-04 3.910395e-02
1.824332e-04 4.172680e-02
1.824687e-04 4.244217e-02
1.825041e-04 4.230293e-02
1.825395e-04 4.119857e-02
1.825749e-04 4.005767e-02
1.826103e-04 3.939073e-02
1.826457e-04 3.869955e-02
1.826811e-04 3.958723e-02
1.827165e-04 4.038199e-02
1.827520e-04 4.076165e-02
1.827874e-04 4.013616e-02
1.828228e-04 4.051196e-02
1.828582e-04 4.024798e-02
1.828936e-04 4.063782e-02
1.829290e-04 4.019709e-02
1.829644e-04 3.975692e-02
1.829998e-04 4.193802e-02
1.830352e-04 4.266904e-02
1.830707e-04 4.005316e-02
1.831061e-04 4.115719e-02
1.831415e-04 4.237255e-02
1.831769e-04 4.182961e-02
1.832123e-04 4.464949e-02
1.832477e-04 4.551635e-02
1.832831e-04 4.607653e-02
1.833185e-04 4.582849e-02
1.833539e-04 4.408513e-02
1.833893e-04 4.368704e-02
1.834247e-04 4.488870e-02
1.834601e-04 4.377510e-02
1.834955e-04 4.079080e-02
1.835310e-04 4.356074e-02
1.835664e-04 4.515366e-02
1.836018e-04 4.462593e-02
1.836372e-04 4.507805e-02
1.836726e-04 4.548581e-02
1.837080e-04 4.402883e-02
1.837434e-04 4.820327e-02
1.837788e-04 4.857062e-02
1.838142e-04 4.727581e-02
1.838496e-04 4.668992e-02
1.838850e-04 4.898286e-02
1.839204e-04 4.701579e-02
1.839558e-04 4.817923e-02
1.839912e-04 4.953988e-02
1.840266e-04 4.947537e-02
1.840620e-04 5.070183e-02
1.840974e-04 5.005721e-02
