2.400000e-04 3.901122e+11
2.399000e-04 4.002844e+11
2.398000e-04 4.439954e+11
2.397000e-04 4.622016e+11
2.396000e-04 5.265656e+11
2.395000e-04 5.572559e+11
2.394000e-04 6.164121e+11
2.393000e-04 6.158495e+11
2.392000e-04 7.052183e+11
2.391000e-04 7.539472e+11
2.390000e-04 8.007104e+11
2.389000e-04 8.754247e+11
2.388000e-04 9.484216e+11
2.387000e-04 1.029087e+12
2.386000e-04 1.112529e+12
2.385000e-04 1.216249e+12
2.384000e-04 1.371668e+12
2.383000e-04 1.462531e+12
2.382000e-04 1.593730e+12
2.381000e-04 1.732283e+12
2.380000e-04 1.916787e+12
2.379000e-04 2.097126e+12
2.378000e-04 2.287546e+12
2.377000e-04 2.511902e+12
2.376000e-04 2.789854e+12
2.375000e-04 3.071623e+12
2.374000e-04 3.426924e+12
2.373000e-04 3.797334e+12
2.372000e-04 4.197665e+12
2.371000e-04 4.696473e+12
2.370000e-04 5.184230e+12
2.369000e-04 5.790147e+12
2.368000e-04 6.435519e+12
2.367000e-04 7.133332e+12
2.366000e-04 7.921624e+12
2.365000e-04 8.808623e+12
2.364000e-04 9.807507e+12
2.363000e-04 1.094146e+13
2.362000e-04 1.230183e+13
2.361000e-04 1.378451e+13
2.360000e-04 1.532146e+13
2.359000e-04 1.707119e+13
2.358000e-04 1.889977e+13
2.357000e-04 2.070550e+13
2.356000e-04 2.277959e+13
2.355000e-04 2.506134e+13
2.354000e-04 2.735016e+13
2.353000e-04 2.988934e+13
2.352000e-04 3.268255e+13
2.351000e-04 3.564409e+13
2.350000e-04 3.877374e+13
2.349000e-04 4.217078e+13
2.348000e-04 4.543630e+13
2.347000e-04 4.842031e+13
2.346000e-04 5.128287e+13
2.345000e-04 5.373311e+13
2.344000e-04 5.592386e+13
2.343000e-04 5.803185e+13
2.342000e-04 5.987237e+13
2.341000e-04 6.160463e+13
2.340000e-04 6.336602e+13
2.339000e-04 6.493335e+13
2.338000e-04 6.638543e+13
2.337000e-04 6.770412e+13
2.336000e-04 6.867830e+13
2.335000e-04 6.940671e+13
2.334000e-04 6.977475e+13
2.333000e-04 6.982303e+13
2.332000e-04 6.984278e+13
2.331000e-04 6.963963e+13
2.330000e-04 6.948800e+13
2.329000e-04 6.935502e+13
2.328000e-04 6.930541e+13
2.327000e-04 6.925346e+13
2.326000e-04 6.927874e+13
2.325000e-04 6.924923e+13
2.324000e-04 6.915764e+13
2.323000e-04 6.900672e+13
2.322000e-04 6.883988e+13
2.321000e-04 6.871049e+13
2.320000e-04 6.850363e+13
2.319000e-04 6.844388e+13
2.318000e-04 6.836931e+13
2.317000e-04 6.832818e+13
2.316000e-04 6.832442e+13
2.315000e-04 6.824837e+13
2.314000e-04 6.821285e+13
2.313000e-04 6.816917e+13
2.312000e-04 6.814010e+13
2.311000e-04 6.819164e+13
2.310000e-04 6.834929e+13
2.309000e-04 6.859180e+13
2.308000e-04 6.898519e+13
2.307000e-04 6.944962e+13
2.306000e-04 6.995844e+13
2.305000e-04 7.047838e+13
2.304000e-04 7.096145e+13
2.303000e-04 7.131224e+13
2.302000e-04 7.158150e+13
2.301000e-04 7.169273e+13
2.300000e-04 7.183139e+13
2.299000e-04 7.198732e+13
2.298000e-04 7.216024e+13
2.297000e-04 7.232939e+13
2.296000e-04 7.248464e+13
2.295000e-04 7.258632e+13
2.294000e-04 7.259808e+13
2.293000e-04 7.250476e+13
2.292000e-04 7.230817e+13
2.291000e-04 7.204294e+13
2.290000e-04 7.181473e+13
2.289000e-04 7.158073e+13
2.288000e-04 7.145243e+13
2.287000e-04 7.144179e+13
2.286000e-04 7.148145e+13
2.285000e-04 7.155230e+13
2.284000e-04 7.165625e+13
2.283000e-04 7.163786e+13
2.282000e-04 7.159315e+13
2.281000e-04 7.147007e+13
2.280000e-04 7.130051e+13
2.279000e-04 7.116282e+13
2.278000e-04 7.105800e+13
2.277000e-04 7.104677e+13
2.276000e-04 7.111683e+13
2.275000e-04 7.126252e+13
2.274000e-04 7.132916e+13
2.273000e-04 7.138400e+13
2.272000e-04 7.135622e+13
2.271000e-04 7.127633e+13
2.270000e-04 7.117064e+13
2.269000e-04 7.100554e+13
2.268000e-04 7.093933e+13
2.267000e-04 7.104544e+13
2.266000e-04 7.118717e+13
2.265000e-04 7.148220e+13
2.264000e-04 7.181350e+13
2.263000e-04 7.211657e+13
2.262000e-04 7.240439e+13
2.261000e-04 7.254065e+13
2.260000e-04 7.259099e+13
2.259000e-04 7.258189e+13
2.258000e-04 7.258148e+13
2.257000e-04 7.261944e+13
2.256000e-04 7.268943e+13
2.255000e-04 7.282802e+13
2.254000e-04 7.297646e+13
2.253000e-04 7.310447e+13
2.252000e-04 7.320521e+13
2.251000e-04 7.315625e+13
2.250000e-04 7.306504e+13
2.249000e-04 7.293770e+13
2.248000e-04 7.281196e+13
2.247000e-04 7.276032e+13
2.246000e-04 7.292978e+13
2.245000e-04 7.318410e+13
2.244000e-04 7.359396e+13
2.243000e-04 7.401115e+13
2.242000e-04 7.445025e+13
2.241000e-04 7.479412e+13
2.240000e-04 7.504982e+13
2.239000e-04 7.515039e+13
2.238000e-04 7.519486e+13
2.237000e-04 7.525233e+13
2.236000e-04 7.538883e+13
2.235000e-04 7.562260e+13
2.234000e-04 7.600733e+13
2.233000e-04 7.644362e+13
2.232000e-04 7.697603e+13
2.231000e-04 7.742280e+13
2.230000e-04 7.774477e+13
2.229000e-04 7.797806e+13
2.228000e-04 7.802744e+13
2.227000e-04 7.798251e+13
2.226000e-04 7.799526e+13
2.225000e-04 7.797658e+13
2.224000e-04 7.805289e+13
2.223000e-04 7.809800e+13
2.222000e-04 7.821880e+13
2.221000e-04 7.839928e+13
2.220000e-04 7.842428e+13
2.219000e-04 7.836330e+13
2.218000e-04 7.826573e+13
2.217000e-04 7.806345e+13
2.216000e-04 7.796640e+13
2.215000e-04 7.786973e+13
2.214000e-04 7.787563e+13
2.213000e-04 7.797155e+13
2.212000e-04 7.805793e+13
2.211000e-04 7.824601e+13
2.210000e-04 7.829953e+13
2.209000e-04 7.823901e+13
2.208000e-04 7.820808e+13
2.207000e-04 7.805590e+13
2.206000e-04 7.786409e+13
2.205000e-04 7.752802e+13
2.204000e-04 7.739668e+13
2.203000e-04 7.738437e+13
2.202000e-04 7.730529e+13
2.201000e-04 7.718744e+13
2.200000e-04 7.698959e+13
2.199000e-04 7.679793e+13
2.198000e-04 7.667131e+13
2.197000e-04 7.667113e+13
2.196000e-04 7.689573e+13
2.195000e-04 7.736310e+13
2.194000e-04 7.775276e+13
2.193000e-04 7.840286e+13
2.192000e-04 7.905920e+13
2.191000e-04 7.956345e+13
2.190000e-04 7.985922e+13
2.189000e-04 7.989401e+13
2.188000e-04 7.975306e+13
2.187000e-04 7.947318e+13
2.186000e-04 7.929203e+13
2.185000e-04 7.921856e+13
2.184000e-04 7.935708e+13
2.183000e-04 7.969675e+13
2.182000e-04 8.002643e+13
2.181000e-04 8.030160e+13
2.180000e-04 8.035622e+13
2.179000e-04 8.012278e+13
2.178000e-04 7.965534e+13
2.177000e-04 7.901223e+13
2.176000e-04 7.836826e+13
2.175000e-04 7.798515e+13
2.174000e-04 7.790846e+13
2.173000e-04 7.796473e+13
2.172000e-04 7.794788e+13
2.171000e-04 7.787540e+13
2.170000e-04 7.760104e+13
2.169000e-04 7.689169e+13
2.168000e-04 7.591084e+13
2.167000e-04 7.516852e+13
2.166000e-04 7.493967e+13
2.165000e-04 7.544921e+13
2.164000e-04 7.672807e+13
2.163000e-04 7.859110e+13
2.162000e-04 8.073751e+13
2.161000e-04 8.270094e+13
2.160000e-04 8.430408e+13
2.159000e-04 8.506738e+13
2.158000e-04 8.538311e+13
2.157000e-04 8.600753e+13
2.156000e-04 8.646442e+13
2.155000e-04 8.688405e+13
2.154000e-04 8.721793e+13
2.153000e-04 8.753742e+13
2.152000e-04 8.790955e+13
2.151000e-04 8.827940e+13
2.150000e-04 8.853816e+13
2.149000e-04 8.873045e+13
2.148000e-04 8.888197e+13
2.147000e-04 8.895351e+13
2.146000e-04 8.896495e+13
2.145000e-04 8.893120e+13
2.144000e-04 8.893240e+13
2.143000e-04 8.886839e+13
2.142000e-04 8.881398e+13
2.141000e-04 8.872579e+13
2.140000e-04 8.859049e+13
2.139000e-04 8.850365e+13
2.138000e-04 8.834471e+13
2.137000e-04 8.817108e+13
2.136000e-04 8.791132e+13
2.135000e-04 8.763789e+13
2.134000e-04 8.739423e+13
2.133000e-04 8.710584e+13
2.132000e-04 8.696013e+13
2.131000e-04 8.691844e+13
2.130000e-04 8.692688e+13
2.129000e-04 8.704617e+13
2.128000e-04 8.711642e+13
2.127000e-04 8.716060e+13
2.126000e-04 8.716676e+13
2.125000e-04 8.694626e+13
2.124000e-04 8.670899e+13
2.123000e-04 8.650174e+13
2.122000e-04 8.642301e+13
2.121000e-04 8.657134e+13
2.120000e-04 8.683070e+13
2.119000e-04 8.722912e+13
2.118000e-04 8.757815e+13
2.117000e-04 8.783917e+13
2.116000e-04 8.790246e+13
2.115000e-04 8.775521e+13
2.114000e-04 8.751476e+13
2.113000e-04 8.738126e+13
2.112000e-04 8.740414e+13
2.111000e-04 8.764536e+13
2.110000e-04 8.809169e+13
2.109000e-04 8.860924e+13
2.108000e-04 8.908812e+13
2.107000e-04 8.938459e+13
2.106000e-04 8.940875e+13
2.105000e-04 8.922812e+13
2.104000e-04 8.901383e+13
2.103000e-04 8.883788e+13
2.102000e-04 8.896066e+13
2.101000e-04 8.934177e+13
2.100000e-04 8.992690e+13
2.099000e-04 9.063372e+13
2.098000e-04 9.136174e+13
2.097000e-04 9.182033e+13
2.096000e-04 9.207977e+13
2.095000e-04 9.220316e+13
2.094000e-04 9.208931e+13
2.093000e-04 9.203456e+13
2.092000e-04 9.203399e+13
2.091000e-04 9.223326e+13
2.090000e-04 9.245364e+13
2.089000e-04 9.290934e+13
2.088000e-04 9.327899e+13
2.087000e-04 9.373059e+13
2.086000e-04 9.417971e+13
2.085000e-04 9.458982e+13
2.084000e-04 9.507787e+13
2.083000e-04 9.545389e+13
2.082000e-04 9.584404e+13
2.081000e-04 9.603476e+13
2.080000e-04 9.621598e+13
2.079000e-04 9.622576e+13
2.078000e-04 9.621228e+13
2.077000e-04 9.622721e+13
2.076000e-04 9.637192e+13
2.075000e-04 9.668926e+13
2.074000e-04 9.707664e+13
2.073000e-04 9.770000e+13
2.072000e-04 9.828003e+13
2.071000e-04 9.880214e+13
2.070000e-04 9.907011e+13
2.069000e-04 9.914784e+13
2.068000e-04 9.897865e+13
2.067000e-04 9.865154e+13
2.066000e-04 9.820816e+13
2.065000e-04 9.779646e+13
2.064000e-04 9.755368e+13
2.063000e-04 9.734708e+13
2.062000e-04 9.737376e+13
2.061000e-04 9.737951e+13
2.060000e-04 9.740034e+13
2.059000e-04 9.730282e+13
2.058000e-04 9.722295e+13
2.057000e-04 9.714313e+13
2.056000e-04 9.719851e+13
2.055000e-04 9.753248e+13
2.054000e-04 9.816129e+13
2.053000e-04 9.916954e+13
2.052000e-04 1.001901e+14
2.051000e-04 1.010296e+14
2.050000e-04 1.016605e+14
2.049000e-04 1.018946e+14
2.048000e-04 1.017692e+14
2.047000e-04 1.013915e+14
2.046000e-04 1.006802e+14
2.045000e-04 9.974614e+13
2.044000e-04 9.831803e+13
2.043000e-04 9.625811e+13
2.042000e-04 9.346173e+13
2.041000e-04 8.934415e+13
2.040000e-04 8.398829e+13
2.039000e-04 7.778475e+13
2.038000e-04 7.112086e+13
2.037000e-04 6.401176e+13
2.036000e-04 5.724362e+13
2.035000e-04 5.098327e+13
2.034000e-04 4.480212e+13
2.033000e-04 3.933535e+13
2.032000e-04 3.458262e+13
2.031000e-04 3.030009e+13
2.030000e-04 2.653734e+13
2.029000e-04 2.339258e+13
2.028000e-04 2.056816e+13
2.027000e-04 1.810006e+13
2.026000e-04 1.626729e+13
2.025000e-04 1.462365e+13
2.024000e-04 1.330333e+13
2.023000e-04 1.215850e+13
2.022000e-04 1.118306e+13
2.021000e-04 1.039400e+13
2.020000e-04 9.643464e+12
2.019000e-04 9.103492e+12
2.018000e-04 8.495594e+12
2.017000e-04 8.095861e+12
2.016000e-04 7.653590e+12
2.015000e-04 7.264567e+12
2.014000e-04 6.887164e+12
2.013000e-04 6.584422e+12
2.012000e-04 6.217587e+12
2.011000e-04 5.810159e+12
2.010000e-04 5.352480e+12
2.009000e-04 4.779300e+12
2.008000e-04 4.255188e+12
2.007000e-04 3.737296e+12
2.006000e-04 3.182357e+12
2.005000e-04 2.750066e+12
2.004000e-04 2.367814e+12
2.003000e-04 2.070882e+12
2.002000e-04 1.692267e+12
2.001000e-04 1.382267e+12
2.000000e-04 1.167615e+12
