1.206080e-04 1.277703e+12
1.206343e-04 1.289403e+12
1.206605e-04 1.307872e+12
1.206867e-04 1.339980e+12
1.207129e-04 1.368439e+12
1.207392e-04 1.414528e+12
1.207654e-04 1.327687e+12
1.207916e-04 1.354828e+12
1.208179e-04 1.524625e+12
1.208441e-04 1.515663e+12
1.208704e-04 1.533936e+12
1.208966e-04 1.592522e+12
1.209229e-04 1.634236e+12
1.209492e-04 1.683519e+12
1.209754e-04 1.740947e+12
1.210017e-04 1.755270e+12
1.210280e-04 1.742575e+12
1.210543e-04 1.722645e+12
1.210806e-04 1.735737e+12
1.211068e-04 1.789662e+12
1.211331e-04 1.844051e+12
1.211594e-04 1.867219e+12
1.211857e-04 1.915250e+12
1.212120e-04 1.988129e+12
1.212383e-04 2.007258e+12
1.212646e-04 2.008465e+12
1.212910e-04 2.007989e+12
1.213173e-04 2.007556e+12
1.213436e-04 1.992329e+12
1.213699e-04 2.010081e+12
1.213963e-04 2.044714e+12
1.214226e-04 2.071662e+12
1.214489e-04 2.120108e+12
1.214753e-04 2.180022e+12
1.215016e-04 2.200043e+12
1.215280e-04 2.257034e+12
1.215543e-04 2.239419e+12
1.215807e-04 2.218694e+12
1.216070e-04 2.236000e+12
1.216334e-04 2.258106e+12
1.216598e-04 2.307281e+12
1.216861e-04 2.338015e+12
1.217125e-04 2.344565e+12
1.217389e-04 2.354765e+12
1.217653e-04 2.546209e+12
1.217917e-04 2.321248e+12
1.218180e-04 2.301108e+12
1.218444e-04 2.364491e+12
1.218708e-04 2.309008e+12
1.218972e-04 2.329790e+12
1.219236e-04 2.349577e+12
1.219501e-04 2.360871e+12
1.219765e-04 2.359033e+12
1.220029e-04 2.398132e+12
1.220293e-04 2.372893e+12
1.220557e-04 2.358422e+12
1.220822e-04 2.323919e+12
1.221086e-04 2.320389e+12
1.221350e-04 2.357087e+12
1.221615e-04 2.384795e+12
1.221879e-04 2.372752e+12
1.222143e-04 2.366831e+12
1.222408e-04 2.408931e+12
1.222672e-04 2.392770e+12
1.222937e-04 2.391978e+12
1.223202e-04 2.360655e+12
1.223466e-04 2.398060e+12
1.223731e-04 2.422837e+12
1.223996e-04 2.430848e+12
1.224260e-04 2.451787e+12
1.224525e-04 2.407725e+12
1.224790e-04 2.426583e+12
1.225055e-04 2.463414e+12
1.225320e-04 2.453885e+12
1.225585e-04 2.472431e+12
1.225850e-04 2.417872e+12
1.226115e-04 2.405458e+12
1.226380e-04 2.378565e+12
1.226645e-04 2.403301e+12
1.226910e-04 2.435916e+12
1.227175e-04 2.456942e+12
1.227440e-04 2.452689e+12
1.227706e-04 2.430690e+12
1.227971e-04 2.461988e+12
1.228236e-04 2.476271e+12
1.228501e-04 2.456283e+12
1.228767e-04 2.474586e+12
1.229032e-04 2.472549e+12
1.229298e-04 2.456015e+12
1.229563e-04 2.501924e+12
1.229829e-04 2.526886e+12
1.230094e-04 2.519790e+12
1.230360e-04 2.503859e+12
1.230625e-04 2.510077e+12
1.230891e-04 2.526223e+12
1.231157e-04 2.512535e+12
1.231422e-04 2.522028e+12
1.231688e-04 2.503781e+12
1.231954e-04 2.477807e+12
1.232220e-04 2.474000e+12
1.232486e-04 2.498782e+12
1.232751e-04 2.505142e+12
1.233017e-04 2.498012e+12
1.233283e-04 2.525811e+12
1.233549e-04 2.534432e+12
1.233815e-04 2.528887e+12
1.234081e-04 2.520919e+12
1.234348e-04 2.516657e+12
1.234614e-04 2.536152e+12
1.234880e-04 2.524014e+12
1.235146e-04 2.514013e+12
1.235412e-04 2.522489e+12
1.235679e-04 2.510578e+12
1.235945e-04 2.505757e+12
1.236211e-04 2.499556e+12
1.236478e-04 2.497917e+12
1.236744e-04 2.511085e+12
1.237010e-04 2.519287e+12
1.237277e-04 2.526047e+12
1.237543e-04 2.509984e+12
1.237810e-04 2.530457e+12
1.238077e-04 2.511105e+12
1.238343e-04 2.517749e+12
1.238610e-04 2.516799e+12
1.238877e-04 2.514272e+12
1.239143e-04 2.511374e+12
1.239410e-04 2.473135e+12
1.239677e-04 2.486958e+12
1.239944e-04 2.498582e+12
1.240210e-04 2.492609e+12
1.240477e-04 2.486403e+12
1.240744e-04 2.484278e+12
1.241011e-04 2.504234e+12
1.241278e-04 2.517258e+12
1.241545e-04 2.512011e+12
1.241812e-04 2.496042e+12
1.242079e-04 2.477579e+12
1.242347e-04 2.471534e+12
1.242614e-04 2.460061e+12
1.242881e-04 2.446007e+12
1.243148e-04 2.431774e+12
1.243415e-04 2.427640e+12
1.243683e-04 2.437248e+12
1.243950e-04 2.393193e+12
1.244217e-04 2.414752e+12
1.244485e-04 2.459066e+12
1.244752e-04 2.457114e+12
1.245020e-04 2.447785e+12
1.245287e-04 2.612181e+12
1.245555e-04 2.622355e+12
1.245822e-04 2.439757e+12
1.246090e-04 2.396826e+12
1.246357e-04 2.430620e+12
1.246625e-04 2.462475e+12
1.246893e-04 2.465925e+12
1.247160e-04 2.466031e+12
1.247428e-04 2.453439e+12
1.247696e-04 2.443083e+12
1.247964e-04 2.450427e+12
1.248232e-04 2.456152e+12
1.248500e-04 2.443928e+12
1.248767e-04 2.452688e+12
1.249035e-04 2.455585e+12
1.249303e-04 2.456224e+12
1.249571e-04 2.454414e+12
1.249839e-04 2.436815e+12
1.250107e-04 2.439232e+12
1.250376e-04 2.435491e+12
1.250644e-04 2.430754e+12
1.250912e-04 2.430414e+12
1.251180e-04 2.440281e+12
1.251448e-04 2.442853e+12
1.251717e-04 2.441365e+12
1.251985e-04 2.440978e+12
1.252253e-04 2.446997e+12
1.252522e-04 2.445007e+12
1.252790e-04 2.422839e+12
1.253058e-04 2.416834e+12
1.253327e-04 2.404204e+12
1.253595e-04 2.400725e+12
1.253864e-04 2.406846e+12
1.254132e-04 2.428137e+12
1.254401e-04 2.417286e+12
1.254670e-04 2.422542e+12
1.254938e-04 2.395170e+12
1.255207e-04 2.369515e+12
1.255476e-04 2.376565e+12
1.255744e-04 2.370559e+12
1.256013e-04 2.397229e+12
1.256282e-04 2.367950e+12
1.256551e-04 2.348225e+12
1.256820e-04 2.321979e+12
1.257089e-04 2.341323e+12
1.257357e-04 2.331980e+12
1.257626e-04 2.311395e+12
1.257895e-04 2.297261e+12
1.258164e-04 2.292247e+12
1.258433e-04 2.255669e+12
1.258703e-04 2.250295e+12
1.258972e-04 2.220504e+12
1.259241e-04 2.304858e+12
1.259510e-04 2.204258e+12
1.259779e-04 2.196040e+12
1.260048e-04 2.186032e+12
1.260318e-04 2.160346e+12
1.260587e-04 2.159238e+12
1.260856e-04 2.117058e+12
1.261126e-04 2.147684e+12
1.261395e-04 2.132012e+12
1.261664e-04 2.098559e+12
1.261934e-04 2.063577e+12
1.262203e-04 2.040518e+12
1.262473e-04 2.053576e+12
1.262742e-04 2.065768e+12
1.263012e-04 2.041381e+12
1.263282e-04 2.026394e+12
1.263551e-04 2.002768e+12
1.263821e-04 2.001020e+12
1.264091e-04 2.015586e+12
1.264360e-04 2.009070e+12
1.264630e-04 2.005994e+12
1.264900e-04 2.011939e+12
1.265170e-04 1.991432e+12
1.265439e-04 2.076020e+12
1.265709e-04 2.017317e+12
1.265979e-04 2.009312e+12
1.266249e-04 1.967803e+12
1.266519e-04 1.919421e+12
1.266789e-04 2.023759e+12
1.267059e-04 2.010546e+12
1.267329e-04 1.929793e+12
1.267599e-04 1.851112e+12
1.267869e-04 1.729398e+12
1.268139e-04 1.687306e+12
1.268410e-04 1.716225e+12
1.268680e-04 1.793756e+12
1.268950e-04 1.898963e+12
1.269220e-04 1.980653e+12
1.269490e-04 2.001690e+12
1.269761e-04 2.034001e+12
1.270031e-04 2.054073e+12
1.270301e-04 2.055958e+12
1.270572e-04 2.043996e+12
1.270842e-04 2.103439e+12
1.271113e-04 2.067973e+12
1.271383e-04 2.106795e+12
1.271654e-04 2.098413e+12
1.271924e-04 2.083046e+12
1.272195e-04 2.100526e+12
1.272465e-04 2.094965e+12
1.272736e-04 2.110820e+12
1.273007e-04 2.110964e+12
1.273277e-04 2.122619e+12
1.273548e-04 2.108928e+12
1.273819e-04 2.131891e+12
1.274089e-04 2.134328e+12
1.274360e-04 2.131809e+12
1.274631e-04 2.158293e+12
1.274902e-04 2.155662e+12
1.275173e-04 2.119941e+12
1.275444e-04 2.120514e+12
1.275715e-04 2.132961e+12
1.275986e-04 2.143633e+12
1.276257e-04 2.129045e+12
1.276528e-04 2.121310e+12
1.276799e-04 2.150573e+12
1.277070e-04 2.157426e+12
1.277341e-04 2.111024e+12
1.277612e-04 2.129153e+12
1.277883e-04 2.121873e+12
1.278154e-04 2.098689e+12
1.278425e-04 2.083307e+12
1.278697e-04 2.075526e+12
1.278968e-04 2.054895e+12
1.279239e-04 2.026309e+12
1.279510e-04 2.001184e+12
1.279782e-04 2.001076e+12
1.280053e-04 1.984323e+12
1.280325e-04 1.935975e+12
1.280596e-04 1.902632e+12
1.280867e-04 1.841595e+12
1.281139e-04 1.779705e+12
1.281410e-04 1.769979e+12
1.281682e-04 1.800018e+12
1.281954e-04 1.856036e+12
1.282225e-04 1.909016e+12
1.282497e-04 1.959760e+12
1.282768e-04 2.012032e+12
1.283040e-04 2.041775e+12
1.283312e-04 2.060048e+12
1.283583e-04 2.086119e+12
1.283855e-04 2.086988e+12
1.284127e-04 2.104434e+12
1.284399e-04 2.130620e+12
1.284671e-04 2.146428e+12
1.284942e-04 2.188222e+12
1.285214e-04 2.195083e+12
1.285486e-04 2.183632e+12
1.285758e-04 2.187591e+12
1.286030e-04 2.190927e+12
1.286302e-04 2.188983e+12
1.286574e-04 2.190961e+12
1.286846e-04 2.200863e+12
1.287118e-04 2.200260e+12
1.287390e-04 2.189893e+12
1.287662e-04 2.177460e+12
1.287935e-04 2.165694e+12
1.288207e-04 2.169122e+12
1.288479e-04 2.184224e+12
1.288751e-04 2.196531e+12
1.289023e-04 2.198184e+12
1.289296e-04 2.181781e+12
1.289568e-04 2.185674e+12
1.289840e-04 2.206121e+12
1.290113e-04 2.204186e+12
1.290385e-04 2.196608e+12
1.290657e-04 2.183354e+12
1.290930e-04 2.151191e+12
1.291202e-04 2.135085e+12
1.291475e-04 2.144802e+12
1.291747e-04 2.133319e+12
1.292020e-04 2.134197e+12
1.292292e-04 2.133068e+12
1.292565e-04 2.146963e+12
1.292837e-04 2.163031e+12
1.293110e-04 2.163730e+12
1.293383e-04 2.153278e+12
1.293655e-04 2.166393e+12
1.293928e-04 2.162059e+12
1.294201e-04 2.143315e+12
1.294474e-04 2.093223e+12
1.294746e-04 2.086785e+12
1.295019e-04 2.090393e+12
1.295292e-04 2.085101e+12
1.295565e-04 2.092528e+12
1.295838e-04 2.083636e+12
1.296111e-04 2.049529e+12
1.296383e-04 2.046777e+12
1.296656e-04 2.021173e+12
1.296929e-04 2.042049e+12
1.297202e-04 2.046273e+12
1.297475e-04 2.067446e+12
1.297748e-04 2.093664e+12
1.298022e-04 2.098662e+12
1.298295e-04 2.047446e+12
1.298568e-04 1.991162e+12
1.298841e-04 1.981995e+12
1.299114e-04 2.023596e+12
1.299387e-04 2.018528e+12
1.299660e-04 1.976752e+12
1.299934e-04 1.945218e+12
1.300207e-04 1.947810e+12
1.300480e-04 1.979858e+12
1.300754e-04 2.026312e+12
1.301027e-04 2.022850e+12
1.301300e-04 2.026758e+12
1.301574e-04 2.026533e+12
1.301847e-04 2.000896e+12
1.302120e-04 1.981081e+12
1.302394e-04 1.966454e+12
1.302667e-04 1.943683e+12
1.302941e-04 1.894229e+12
1.303214e-04 1.830207e+12
1.303488e-04 1.787676e+12
1.303762e-04 1.813728e+12
1.304035e-04 1.870869e+12
1.304309e-04 1.901443e+12
1.304582e-04 1.933161e+12
1.304856e-04 1.968122e+12
1.305130e-04 1.950303e+12
1.305403e-04 1.908081e+12
1.305677e-04 1.844547e+12
1.305951e-04 1.788711e+12
1.306225e-04 1.784125e+12
1.306499e-04 1.808258e+12
1.306772e-04 1.834611e+12
1.307046e-04 1.852753e+12
1.307320e-04 1.830287e+12
1.307594e-04 1.865493e+12
1.307868e-04 1.883656e+12
1.308142e-04 1.874703e+12
1.308416e-04 1.859401e+12
1.308690e-04 1.798109e+12
1.308964e-04 1.733482e+12
1.309238e-04 1.713859e+12
1.309512e-04 1.662722e+12
1.309786e-04 1.681117e+12
1.310060e-04 1.739398e+12
1.310334e-04 1.777067e+12
1.310608e-04 1.855158e+12
1.310882e-04 1.878018e+12
1.311157e-04 1.850203e+12
1.311431e-04 1.811859e+12
1.311705e-04 1.766952e+12
1.311979e-04 1.723530e+12
1.312254e-04 1.689074e+12
1.312528e-04 1.643655e+12
1.312802e-04 1.630358e+12
1.313077e-04 1.618841e+12
1.313351e-04 1.628311e+12
1.313625e-04 1.626731e+12
1.313900e-04 1.617077e+12
1.314174e-04 1.609919e+12
1.314449e-04 1.632727e+12
1.314723e-04 1.616916e+12
1.314998e-04 1.657464e+12
1.315272e-04 1.718343e+12
1.315547e-04 1.754571e+12
1.315821e-04 1.736535e+12
1.316096e-04 1.697927e+12
1.316370e-04 1.702735e+12
1.316645e-04 1.743882e+12
1.316920e-04 1.767979e+12
1.317194e-04 1.717731e+12
1.317469e-04 1.680593e+12
1.317744e-04 1.611092e+12
1.318018e-04 1.587948e+12
1.318293e-04 1.556229e+12
1.318568e-04 1.537523e+12
1.318843e-04 1.543251e+12
1.319117e-04 1.502877e+12
1.319392e-04 1.486043e+12
1.319667e-04 1.535886e+12
1.319942e-04 1.562523e+12
1.320217e-04 1.580185e+12
1.320492e-04 1.602627e+12
1.320767e-04 1.619655e+12
1.321042e-04 1.647841e+12
1.321317e-04 1.639771e+12
1.321592e-04 1.605020e+12
1.321867e-04 1.538824e+12
1.322142e-04 1.481498e+12
1.322417e-04 1.473611e+12
1.322692e-04 1.472927e+12
1.322967e-04 1.452967e+12
1.323242e-04 1.450767e+12
1.323517e-04 1.516931e+12
1.323792e-04 1.577420e+12
1.324068e-04 1.610541e+12
1.324343e-04 1.614240e+12
1.324618e-04 1.626667e+12
1.324893e-04 1.625065e+12
1.325169e-04 1.593632e+12
1.325444e-04 1.595945e+12
1.325719e-04 1.570275e+12
1.325994e-04 1.528087e+12
1.326270e-04 1.487435e+12
1.326545e-04 1.500899e+12
1.326821e-04 1.474542e+12
1.327096e-04 1.437490e+12
1.327371e-04 1.381392e+12
1.327647e-04 1.321864e+12
1.327922e-04 1.273622e+12
1.328198e-04 1.249751e+12
1.328473e-04 1.250204e+12
1.328749e-04 1.286239e+12
1.329024e-04 1.306030e+12
1.329300e-04 1.286019e+12
1.329575e-04 1.294216e+12
1.329851e-04 1.259722e+12
1.330127e-04 1.179438e+12
1.330402e-04 1.100107e+12
1.330678e-04 1.061563e+12
1.330954e-04 1.034062e+12
1.331229e-04 1.047358e+12
1.331505e-04 1.081636e+12
1.331781e-04 1.129861e+12
1.332056e-04 1.174702e+12
1.332332e-04 1.189618e+12
1.332608e-04 1.167536e+12
1.332884e-04 1.126176e+12
1.333160e-04 1.136984e+12
1.333435e-04 1.180397e+12
1.333711e-04 1.215189e+12
1.333987e-04 1.255339e+12
1.334263e-04 1.310563e+12
1.334539e-04 1.328250e+12
1.334815e-04 1.279401e+12
1.335091e-04 1.245814e+12
1.335367e-04 1.244131e+12
1.335643e-04 1.247212e+12
1.335919e-04 1.231565e+12
1.336195e-04 1.189438e+12
1.336471e-04 1.158807e+12
1.336747e-04 1.130826e+12
1.337023e-04 1.126385e+12
1.337299e-04 1.160094e+12
1.337575e-04 1.195274e+12
1.337851e-04 1.220474e+12
1.338128e-04 1.235846e+12
1.338404e-04 1.258502e+12
1.338680e-04 1.240789e+12
1.338956e-04 1.203362e+12
1.339232e-04 1.124517e+12
1.339509e-04 1.061150e+12
1.339785e-04 1.055260e+12
1.340061e-04 1.064280e+12
1.340337e-04 1.055623e+12
1.340614e-04 1.069389e+12
1.340890e-04 1.123889e+12
1.341166e-04 1.163123e+12
1.341443e-04 1.181113e+12
1.341719e-04 1.174164e+12
1.341995e-04 1.138768e+12
1.342272e-04 1.111892e+12
1.342548e-04 1.070469e+12
1.342825e-04 9.676669e+11
1.343101e-04 8.601720e+11
1.343378e-04 7.740206e+11
1.343654e-04 7.366787e+11
1.343931e-04 7.363085e+11
1.344207e-04 7.585296e+11
1.344484e-04 7.859074e+11
1.344760e-04 7.955666e+11
1.345037e-04 7.878290e+11
1.345314e-04 7.732190e+11
1.345590e-04 7.409714e+11
1.345867e-04 7.326754e+11
1.346143e-04 7.215510e+11
1.346420e-04 6.666123e+11
1.346697e-04 5.900202e+11
1.346974e-04 5.207423e+11
1.347250e-04 4.626591e+11
1.347527e-04 4.110039e+11
1.347804e-04 3.874299e+11
1.348080e-04 4.157898e+11
1.348357e-04 4.509387e+11
1.348634e-04 4.971971e+11
1.348911e-04 5.003496e+11
1.349188e-04 4.739161e+11
1.349465e-04 4.389981e+11
1.349741e-04 4.103490e+11
1.350018e-04 3.774336e+11
1.350295e-04 3.539280e+11
1.350572e-04 3.357044e+11
1.350849e-04 3.267149e+11
1.351126e-04 3.315529e+11
1.351403e-04 3.255468e+11
1.351680e-04 2.990456e+11
1.351957e-04 3.043379e+11
1.352234e-04 2.980282e+11
1.352511e-04 2.872512e+11
1.352788e-04 2.880850e+11
1.353065e-04 2.788436e+11
1.353342e-04 2.753027e+11
1.353619e-04 2.781467e+11
1.353896e-04 2.700694e+11
1.354173e-04 2.697044e+11
1.354450e-04 2.702524e+11
1.354728e-04 2.689652e+11
1.355005e-04 2.618923e+11
1.355282e-04 2.603565e+11
1.355559e-04 2.621839e+11
1.355836e-04 2.637823e+11
1.356114e-04 2.618247e+11
1.356391e-04 2.566044e+11
1.356668e-04 2.463740e+11
1.356945e-04 2.536378e+11
1.357223e-04 2.553413e+11
1.357500e-04 2.490775e+11
1.357777e-04 2.432561e+11
1.358055e-04 2.474382e+11
1.358332e-04 2.437407e+11
1.358609e-04 2.417760e+11
1.358887e-04 2.521148e+11
1.359164e-04 2.456834e+11
1.359441e-04 2.482271e+11
1.359719e-04 2.415074e+11
1.359996e-04 2.383291e+11
1.360274e-04 2.370781e+11
1.360551e-04 2.336232e+11
1.360829e-04 2.411039e+11
1.361106e-04 8.149032e+11
1.361384e-04 2.538589e+11
1.361661e-04 2.339851e+11
1.361939e-04 2.286900e+11
1.362216e-04 2.263503e+11
1.362494e-04 2.304334e+11
1.362771e-04 2.225038e+11
1.363049e-04 2.275570e+11
1.363326e-04 2.334583e+11
1.363604e-04 2.228121e+11
1.363882e-04 2.252415e+11
1.364159e-04 2.216493e+11
1.364437e-04 2.206512e+11
1.364715e-04 2.198236e+11
1.364992e-04 2.187686e+11
1.365270e-04 2.283747e+11
1.365548e-04 2.268057e+11
1.365825e-04 2.171540e+11
1.366103e-04 2.208066e+11
1.366381e-04 2.192399e+11
1.366659e-04 2.166302e+11
1.366936e-04 2.160402e+11
1.367214e-04 2.099093e+11
1.367492e-04 2.153135e+11
1.367770e-04 2.131574e+11
1.368048e-04 2.159077e+11
1.368325e-04 2.177764e+11
1.368603e-04 2.117401e+11
1.368881e-04 2.089714e+11
1.369159e-04 2.106258e+11
1.369437e-04 2.083513e+11
1.369715e-04 2.086576e+11
1.369993e-04 2.143859e+11
1.370271e-04 2.119206e+11
1.370549e-04 2.039495e+11
1.370827e-04 2.070544e+11
1.371105e-04 2.076402e+11
1.371383e-04 2.094693e+11
1.371661e-04 2.059422e+11
1.371939e-04 2.005645e+11
1.372217e-04 1.991070e+11
1.372495e-04 2.043643e+11
1.372773e-04 2.040104e+11
1.373051e-04 2.016280e+11
1.373329e-04 2.022338e+11
1.373607e-04 2.085032e+11
1.373885e-04 2.084242e+11
1.374163e-04 2.101994e+11
1.374441e-04 2.038432e+11
1.374719e-04 2.055533e+11
1.374997e-04 2.050118e+11
1.375276e-04 2.148509e+11
1.375554e-04 2.021036e+11
1.375832e-04 1.900484e+11
1.376110e-04 2.100022e+11
1.376388e-04 2.107792e+11
1.376666e-04 2.131272e+11
1.376945e-04 2.155092e+11
1.377223e-04 2.068508e+11
1.377501e-04 2.116105e+11
1.377779e-04 2.094895e+11
1.378058e-04 2.057889e+11
1.378336e-04 2.015394e+11
1.378614e-04 1.953552e+11
1.378893e-04 1.975885e+11
1.379171e-04 1.951481e+11
1.379449e-04 1.961521e+11
1.379728e-04 1.956956e+11
1.380006e-04 1.888480e+11
1.380284e-04 1.950094e+11
1.380563e-04 1.938735e+11
1.380841e-04 1.905771e+11
1.381119e-04 1.891860e+11
1.381398e-04 1.880701e+11
1.381676e-04 1.899682e+11
1.381955e-04 1.927552e+11
1.382233e-04 1.825822e+11
1.382511e-04 1.897656e+11
1.382790e-04 1.880228e+11
1.383068e-04 1.842677e+11
1.383347e-04 1.903986e+11
1.383625e-04 1.895345e+11
1.383904e-04 1.894643e+11
1.384182e-04 1.848783e+11
1.384461e-04 1.870786e+11
1.384739e-04 1.922183e+11
1.385018e-04 1.922534e+11
1.385297e-04 1.895945e+11
1.385575e-04 1.870585e+11
1.385854e-04 1.798945e+11
1.386132e-04 1.868347e+11
1.386411e-04 1.929556e+11
1.386689e-04 1.854704e+11
1.386968e-04 1.854023e+11
1.387247e-04 1.867797e+11
1.387525e-04 1.924678e+11
1.387804e-04 1.930178e+11
1.388083e-04 1.942658e+11
1.388361e-04 1.979868e+11
1.388640e-04 1.962088e+11
1.388919e-04 2.009099e+11
1.389197e-04 2.019436e+11
1.389476e-04 2.018923e+11
1.389755e-04 2.039001e+11
1.390033e-04 2.051599e+11
1.390312e-04 2.042544e+11
1.390591e-04 2.070298e+11
1.390870e-04 2.030501e+11
1.391148e-04 1.982274e+11
1.391427e-04 1.980170e+11
1.391706e-04 1.887036e+11
1.391985e-04 1.905186e+11
1.392264e-04 1.933909e+11
1.392542e-04 1.909721e+11
1.392821e-04 1.884164e+11
1.393100e-04 1.850238e+11
1.393379e-04 1.883513e+11
1.393658e-04 1.941525e+11
1.393937e-04 1.922867e+11
1.394215e-04 1.900181e+11
1.394494e-04 1.875050e+11
1.394773e-04 1.892984e+11
1.395052e-04 1.854840e+11
1.395331e-04 1.871075e+11
1.395610e-04 1.890369e+11
1.395889e-04 1.843926e+11
1.396168e-04 1.946918e+11
1.396447e-04 2.003906e+11
1.396726e-04 2.121167e+11
1.397005e-04 2.141466e+11
1.397284e-04 2.176255e+11
1.397563e-04 2.224740e+11
1.397841e-04 2.239095e+11
1.398120e-04 2.190358e+11
1.398399e-04 2.099276e+11
1.398678e-04 2.026683e+11
1.398957e-04 1.984885e+11
1.399236e-04 1.968867e+11
1.399516e-04 1.972909e+11
1.399795e-04 1.969272e+11
1.400074e-04 1.966605e+11
1.400353e-04 1.965024e+11
1.400632e-04 2.011944e+11
1.400911e-04 1.977830e+11
1.401190e-04 2.158604e+11
1.401469e-04 2.165215e+11
1.401748e-04 2.274763e+11
1.402027e-04 2.386268e+11
1.402306e-04 2.378029e+11
1.402585e-04 2.286043e+11
1.402864e-04 2.116383e+11
1.403144e-04 2.089707e+11
1.403423e-04 2.051925e+11
1.403702e-04 2.037053e+11
1.403981e-04 2.061838e+11
1.404260e-04 2.052409e+11
1.404539e-04 2.080503e+11
1.404818e-04 2.146485e+11
1.405098e-04 2.128216e+11
1.405377e-04 2.170295e+11
1.405656e-04 2.190908e+11
1.405935e-04 2.163299e+11
1.406214e-04 2.187463e+11
1.406494e-04 2.164817e+11
1.406773e-04 2.210870e+11
1.407052e-04 2.214554e+11
1.407331e-04 2.188320e+11
1.407611e-04 2.184588e+11
1.407890e-04 2.218644e+11
1.408169e-04 2.179108e+11
1.408448e-04 2.149585e+11
1.408728e-04 2.163671e+11
1.409007e-04 2.124972e+11
1.409286e-04 2.094855e+11
1.409565e-04 2.183775e+11
1.409845e-04 2.233583e+11
1.410124e-04 2.331263e+11
1.410403e-04 2.361833e+11
1.410683e-04 2.386432e+11
1.410962e-04 2.462365e+11
1.411241e-04 2.621128e+11
1.411521e-04 2.775902e+11
1.411800e-04 2.942955e+11
1.412079e-04 3.157235e+11
1.412359e-04 3.077821e+11
1.412638e-04 3.056147e+11
1.412917e-04 3.035223e+11
1.413197e-04 2.743384e+11
1.413476e-04 2.490787e+11
1.413756e-04 2.333129e+11
1.414035e-04 2.360071e+11
1.414314e-04 2.378250e+11
1.414594e-04 2.653746e+11
1.414873e-04 2.829981e+11
1.415153e-04 3.066467e+11
1.415432e-04 3.270507e+11
1.415711e-04 3.302537e+11
1.415991e-04 3.351000e+11
1.416270e-04 3.462021e+11
1.416550e-04 3.181029e+11
1.416829e-04 3.114344e+11
1.417109e-04 2.991107e+11
1.417388e-04 2.940501e+11
1.417668e-04 2.901787e+11
1.417947e-04 2.823038e+11
1.418226e-04 2.889624e+11
1.418506e-04 2.890331e+11
1.418785e-04 2.682670e+11
1.419065e-04 2.775639e+11
1.419344e-04 2.840641e+11
1.419624e-04 2.954354e+11
1.419903e-04 3.124562e+11
1.420183e-04 3.340420e+11
1.420462e-04 3.511358e+11
1.420742e-04 3.674842e+11
1.421021e-04 3.928932e+11
1.421301e-04 3.889229e+11
1.421581e-04 4.022892e+11
1.421860e-04 3.894460e+11
1.422140e-04 3.953564e+11
1.422419e-04 3.840360e+11
1.422699e-04 3.494436e+11
1.422978e-04 3.567960e+11
1.423258e-04 3.724272e+11
1.423537e-04 3.867992e+11
1.423817e-04 4.031108e+11
1.424097e-04 4.162169e+11
1.424376e-04 4.367304e+11
1.424656e-04 4.477447e+11
1.424935e-04 4.456627e+11
1.425215e-04 4.399171e+11
1.425494e-04 4.411915e+11
1.425774e-04 4.460669e+11
1.426054e-04 4.670939e+11
1.426333e-04 4.629221e+11
1.426613e-04 4.534722e+11
1.426892e-04 4.194432e+11
1.427172e-04 3.865514e+11
1.427452e-04 3.937130e+11
1.427731e-04 4.018605e+11
1.428011e-04 4.213919e+11
1.428291e-04 4.545676e+11
1.428570e-04 4.963116e+11
1.428850e-04 5.400728e+11
1.429129e-04 5.899724e+11
1.429409e-04 6.176811e+11
1.429689e-04 5.868624e+11
1.429968e-04 5.858599e+11
1.430248e-04 5.931541e+11
1.430528e-04 5.749873e+11
1.430807e-04 5.267854e+11
1.431087e-04 4.808178e+11
1.431367e-04 4.730340e+11
1.431646e-04 4.791842e+11
1.431926e-04 5.081089e+11
1.432206e-04 5.338200e+11
1.432485e-04 5.378117e+11
1.432765e-04 5.517214e+11
1.433045e-04 5.611071e+11
1.433324e-04 5.729713e+11
1.433604e-04 5.702909e+11
1.433884e-04 5.736385e+11
1.434164e-04 5.870879e+11
1.434443e-04 6.154868e+11
1.434723e-04 6.403005e+11
1.435003e-04 6.505189e+11
1.435282e-04 6.774893e+11
1.435562e-04 6.891816e+11
1.435842e-04 6.750324e+11
1.436121e-04 6.558961e+11
1.436401e-04 6.678696e+11
1.436681e-04 6.782605e+11
1.436961e-04 6.845934e+11
1.437240e-04 6.895949e+11
1.437520e-04 7.096296e+11
1.437800e-04 7.437659e+11
1.438080e-04 7.701882e+11
1.438359e-04 7.888263e+11
