1.975080e-04 2.618186e+10
1.975531e-04 2.524687e+10
1.975982e-04 2.598072e+10
1.976434e-04 2.870414e+10
1.976885e-04 2.747924e+10
1.977337e-04 2.781698e+10
1.977788e-04 2.323974e+10
1.978240e-04 2.638491e+10
1.978692e-04 2.798281e+10
1.979144e-04 2.638582e+10
1.979595e-04 1.705236e+10
1.980047e-04 1.228691e+10
1.980499e-04 1.569709e+10
1.980951e-04 2.012599e+10
1.981403e-04 2.735080e+10
1.981855e-04 2.812151e+10
1.982308e-04 2.812344e+10
1.982760e-04 2.832437e+10
1.983212e-04 3.052929e+10
1.983664e-04 3.086897e+10
1.984117e-04 2.950318e+10
1.984569e-04 3.186816e+10
1.985022e-04 3.163075e+10
1.985474e-04 3.201352e+10
1.985927e-04 3.392141e+10
1.986380e-04 3.201228e+10
1.986832e-04 3.095768e+10
1.987285e-04 2.966567e+10
1.987738e-04 3.642516e+10
1.988191e-04 2.996035e+10
1.988644e-04 1.646223e+11
1.989097e-04 1.227981e+11
1.989550e-04 3.619664e+10
1.990003e-04 3.540802e+10
1.990456e-04 3.443388e+10
1.990910e-04 2.875293e+10
1.991363e-04 3.178297e+10
1.991816e-04 3.331272e+10
1.992270e-04 3.530574e+10
1.992723e-04 3.571714e+10
1.993177e-04 3.592752e+10
1.993630e-04 3.587654e+10
1.994084e-04 3.546848e+10
1.994538e-04 3.561762e+10
1.994992e-04 3.663506e+10
1.995445e-04 3.419250e+10
1.995899e-04 3.229499e+10
1.996353e-04 3.738364e+10
1.996807e-04 3.805530e+10
1.997261e-04 3.699945e+10
1.997715e-04 3.712695e+10
1.998169e-04 3.749066e+10
1.998624e-04 3.770069e+10
1.999078e-04 3.850074e+10
1.999532e-04 3.972825e+10
1.999987e-04 3.914492e+10
2.000441e-04 4.083418e+10
2.000896e-04 4.181389e+10
2.001350e-04 4.555784e+10
2.001805e-04 4.822245e+10
2.002259e-04 4.789857e+10
2.002714e-04 4.632715e+10
2.003169e-04 4.614305e+10
2.003624e-04 4.603539e+10
2.004078e-04 4.247348e+10
2.004533e-04 3.719932e+10
2.004988e-04 4.763406e+10
2.005443e-04 4.843531e+10
2.005899e-04 4.676817e+10
2.006354e-04 4.702234e+10
2.006809e-04 5.132989e+10
2.007264e-04 4.901506e+10
2.007719e-04 4.977633e+10
2.008175e-04 5.187056e+10
2.008630e-04 4.874343e+10
2.009086e-04 5.137840e+10
2.009541e-04 5.269973e+10
2.009997e-04 5.445877e+10
2.010452e-04 5.677467e+10
2.010908e-04 6.015824e+10
2.011364e-04 6.197725e+10
2.011820e-04 6.658168e+10
2.012275e-04 6.993638e+10
2.012731e-04 7.135845e+10
2.013187e-04 7.213863e+10
2.013643e-04 7.504563e+10
2.014099e-04 8.164857e+10
2.014555e-04 8.735889e+10
2.015011e-04 9.481709e+10
2.015468e-04 9.975358e+10
2.015924e-04 1.035913e+11
2.016380e-04 1.078644e+11
2.016837e-04 1.131743e+11
2.017293e-04 1.202117e+11
2.017750e-04 1.279774e+11
2.018206e-04 1.377994e+11
2.018663e-04 1.466277e+11
2.019119e-04 1.509629e+11
2.019576e-04 1.638470e+11
2.020033e-04 1.734991e+11
2.020489e-04 1.748193e+11
2.020946e-04 1.752122e+11
2.021403e-04 1.854151e+11
2.021860e-04 2.029332e+11
2.022317e-04 2.188783e+11
2.022774e-04 2.341950e+11
2.023231e-04 2.513238e+11
2.023688e-04 2.691729e+11
2.024146e-04 2.889443e+11
2.024603e-04 3.076681e+11
2.025060e-04 3.156145e+11
2.025517e-04 3.248095e+11
2.025975e-04 3.311178e+11
2.026432e-04 3.535494e+11
2.026890e-04 3.951919e+11
2.027347e-04 4.221278e+11
2.027805e-04 4.407535e+11
2.028263e-04 4.651624e+11
2.028720e-04 4.855063e+11
2.029178e-04 5.132126e+11
2.029636e-04 5.297886e+11
2.030094e-04 5.466218e+11
2.030552e-04 5.625680e+11
2.031010e-04 5.728636e+11
2.031468e-04 5.852939e+11
2.031926e-04 5.883102e+11
2.032384e-04 5.710683e+11
2.032842e-04 5.554935e+11
2.033300e-04 5.794158e+11
2.033758e-04 6.141281e+11
2.034217e-04 6.363673e+11
2.034675e-04 6.699103e+11
2.035134e-04 6.736547e+11
2.035592e-04 6.823930e+11
2.036050e-04 7.218223e+11
2.036509e-04 8.004161e+11
2.036968e-04 6.711270e+11
2.037426e-04 6.754600e+11
2.037885e-04 7.091716e+11
2.038344e-04 7.241099e+11
2.038803e-04 7.228985e+11
2.039261e-04 7.221915e+11
2.039720e-04 7.075832e+11
2.040179e-04 6.935374e+11
2.040638e-04 6.721169e+11
2.041097e-04 6.513870e+11
2.041556e-04 6.256642e+11
2.042016e-04 6.163495e+11
2.042475e-04 5.967639e+11
2.042934e-04 5.693620e+11
2.043393e-04 5.446810e+11
2.043853e-04 5.381510e+11
2.044312e-04 5.316024e+11
2.044772e-04 5.184721e+11
2.045231e-04 5.129403e+11
2.045691e-04 4.976898e+11
2.046150e-04 4.834133e+11
2.046610e-04 4.704749e+11
2.047069e-04 4.680854e+11
2.047529e-04 4.734124e+11
2.047989e-04 4.867458e+11
2.048449e-04 4.879210e+11
2.048909e-04 4.796282e+11
2.049369e-04 4.654407e+11
2.049829e-04 4.756050e+11
2.050289e-04 5.035970e+11
2.050749e-04 5.213950e+11
2.051209e-04 5.560804e+11
2.051669e-04 5.852477e+11
2.052129e-04 6.212162e+11
2.052589e-04 6.399627e+11
2.053050e-04 6.422242e+11
2.053510e-04 6.290736e+11
2.053970e-04 6.071163e+11
2.054431e-04 6.000954e+11
2.054891e-04 5.737752e+11
2.055352e-04 5.589033e+11
2.055812e-04 5.408891e+11
2.056273e-04 5.513742e+11
2.056734e-04 5.482240e+11
2.057194e-04 5.440743e+11
2.057655e-04 5.424752e+11
2.058116e-04 5.429688e+11
2.058577e-04 5.372469e+11
2.059038e-04 5.291382e+11
2.059499e-04 5.234822e+11
2.059960e-04 5.689817e+11
2.060421e-04 5.607083e+11
2.060882e-04 5.665858e+11
2.061343e-04 5.610842e+11
2.061804e-04 5.613002e+11
2.062265e-04 5.606701e+11
2.062727e-04 5.541246e+11
2.063188e-04 5.564539e+11
2.063649e-04 5.767657e+11
2.064111e-04 5.852549e+11
2.064572e-04 6.025976e+11
2.065034e-04 6.057088e+11
2.065495e-04 6.192791e+11
2.065957e-04 6.182242e+11
2.066418e-04 6.231251e+11
2.066880e-04 6.339207e+11
2.067342e-04 6.409003e+11
2.067804e-04 6.389383e+11
2.068265e-04 6.447562e+11
2.068727e-04 6.533646e+11
2.069189e-04 6.551172e+11
2.069651e-04 6.508529e+11
2.070113e-04 6.441597e+11
2.070575e-04 7.145611e+11
2.071037e-04 6.946287e+11
2.071499e-04 7.082909e+11
2.071962e-04 7.087115e+11
2.072424e-04 7.036127e+11
2.072886e-04 7.307469e+11
2.073348e-04 7.303650e+11
2.073811e-04 7.143749e+11
2.074273e-04 7.120591e+11
2.074735e-04 7.116664e+11
2.075198e-04 7.072620e+11
2.075660e-04 7.043804e+11
2.076123e-04 6.970933e+11
2.076586e-04 6.973040e+11
2.077048e-04 6.890006e+11
2.077511e-04 6.723068e+11
2.077974e-04 6.811443e+11
2.078436e-04 6.995022e+11
2.078899e-04 7.032814e+11
2.079362e-04 6.983582e+11
2.079825e-04 7.128314e+11
2.080288e-04 7.179892e+11
2.080751e-04 7.159896e+11
2.081214e-04 7.100406e+11
2.081677e-04 7.097737e+11
2.082140e-04 7.089105e+11
2.082603e-04 7.170489e+11
2.083067e-04 7.144596e+11
2.083530e-04 7.131653e+11
2.083993e-04 7.161349e+11
2.084457e-04 7.151494e+11
2.084920e-04 7.203209e+11
2.085383e-04 7.190544e+11
2.085847e-04 7.064505e+11
2.086310e-04 7.050762e+11
2.086774e-04 7.126039e+11
2.087237e-04 7.162507e+11
2.087701e-04 7.226522e+11
2.088165e-04 7.305580e+11
2.088628e-04 7.376738e+11
2.089092e-04 7.391881e+11
2.089556e-04 7.320321e+11
2.090020e-04 7.247170e+11
2.090484e-04 7.164213e+11
2.090948e-04 6.934811e+11
2.091412e-04 6.877232e+11
2.091876e-04 6.916378e+11
2.092340e-04 6.940186e+11
2.092804e-04 7.041774e+11
2.093268e-04 7.022539e+11
2.093732e-04 6.867050e+11
2.094196e-04 6.709248e+11
2.094661e-04 6.723092e+11
2.095125e-04 6.999388e+11
2.095589e-04 7.207975e+11
2.096054e-04 7.282099e+11
2.096518e-04 7.305579e+11
2.096982e-04 7.324326e+11
2.097447e-04 7.244279e+11
2.097911e-04 7.269981e+11
2.098376e-04 7.315332e+11
2.098841e-04 7.269123e+11
2.099305e-04 7.257500e+11
2.099770e-04 7.256727e+11
2.100235e-04 7.299539e+11
2.100700e-04 7.309246e+11
2.101164e-04 7.288890e+11
2.101629e-04 7.253012e+11
2.102094e-04 7.182852e+11
2.102559e-04 7.131256e+11
2.103024e-04 7.121842e+11
2.103489e-04 7.074322e+11
2.103954e-04 7.063231e+11
2.104419e-04 7.024606e+11
2.104884e-04 6.978324e+11
2.105349e-04 7.045523e+11
2.105815e-04 7.143566e+11
2.106280e-04 7.219247e+11
2.106745e-04 7.218046e+11
2.107211e-04 7.282335e+11
2.107676e-04 7.283641e+11
2.108141e-04 7.260364e+11
2.108607e-04 7.241032e+11
2.109072e-04 7.198473e+11
2.109538e-04 7.190990e+11
2.110003e-04 7.202060e+11
2.110469e-04 7.055858e+11
2.110935e-04 6.909695e+11
2.111400e-04 6.834466e+11
2.111866e-04 6.825610e+11
2.112332e-04 6.861840e+11
2.112798e-04 6.886788e+11
2.113263e-04 6.963615e+11
2.113729e-04 7.049125e+11
2.114195e-04 7.167363e+11
2.114661e-04 7.132014e+11
2.115127e-04 7.189067e+11
2.115593e-04 7.157303e+11
2.116059e-04 7.081510e+11
2.116525e-04 6.835622e+11
2.116991e-04 6.729227e+11
2.117458e-04 6.898951e+11
2.117924e-04 6.899113e+11
2.118390e-04 6.906834e+11
2.118856e-04 7.061719e+11
2.119323e-04 6.965306e+11
2.119789e-04 6.792393e+11
2.120255e-04 6.795280e+11
2.120722e-04 6.738073e+11
2.121188e-04 6.912860e+11
2.121655e-04 7.013276e+11
2.122121e-04 7.055701e+11
2.122588e-04 7.109240e+11
2.123054e-04 7.039349e+11
2.123521e-04 7.151825e+11
2.123988e-04 7.011989e+11
2.124455e-04 7.051340e+11
2.124921e-04 7.057561e+11
2.125388e-04 7.057257e+11
2.125855e-04 7.033643e+11
2.126322e-04 7.027692e+11
2.126789e-04 6.968244e+11
2.127256e-04 6.759482e+11
2.127723e-04 6.806767e+11
2.128190e-04 6.911782e+11
2.128657e-04 6.996093e+11
2.129124e-04 6.954245e+11
2.129591e-04 6.989654e+11
2.130058e-04 7.026700e+11
2.130525e-04 7.025060e+11
2.130992e-04 6.972996e+11
2.131460e-04 6.970513e+11
2.131927e-04 6.905606e+11
2.132394e-04 7.028363e+11
2.132862e-04 6.982955e+11
2.133329e-04 6.874710e+11
2.133797e-04 7.105066e+11
2.134264e-04 7.011894e+11
2.134732e-04 6.976140e+11
2.135199e-04 6.902714e+11
2.135667e-04 6.940988e+11
2.136134e-04 6.984237e+11
2.136602e-04 6.930816e+11
2.137070e-04 6.965755e+11
2.137537e-04 6.965619e+11
2.138005e-04 6.994409e+11
2.138473e-04 6.934562e+11
2.138941e-04 6.855682e+11
2.139408e-04 6.958111e+11
2.139876e-04 6.855671e+11
2.140344e-04 6.848971e+11
2.140812e-04 6.802382e+11
2.141280e-04 6.772343e+11
2.141748e-04 6.797601e+11
2.142216e-04 6.780080e+11
2.142684e-04 6.645067e+11
2.143153e-04 6.574921e+11
2.143621e-04 6.477201e+11
2.144089e-04 6.393044e+11
2.144557e-04 6.397418e+11
2.145025e-04 6.356176e+11
2.145494e-04 6.429460e+11
2.145962e-04 6.370031e+11
2.146430e-04 6.356023e+11
2.146899e-04 6.488535e+11
2.147367e-04 6.504070e+11
2.147836e-04 6.603522e+11
2.148304e-04 6.581707e+11
2.148773e-04 6.579701e+11
2.149241e-04 6.609945e+11
2.149710e-04 6.600709e+11
2.150178e-04 6.537118e+11
2.150647e-04 6.514673e+11
2.151116e-04 6.477648e+11
2.151584e-04 6.365190e+11
2.152053e-04 6.357987e+11
2.152522e-04 6.320380e+11
2.152991e-04 6.242711e+11
2.153460e-04 6.200273e+11
2.153928e-04 6.201628e+11
2.154397e-04 6.202198e+11
2.154866e-04 6.056214e+11
2.155335e-04 5.810723e+11
2.155804e-04 5.625402e+11
2.156273e-04 5.518176e+11
2.156742e-04 5.537190e+11
2.157212e-04 5.555217e+11
2.157681e-04 5.491120e+11
2.158150e-04 5.347075e+11
2.158619e-04 5.415048e+11
2.159088e-04 5.398548e+11
2.159558e-04 5.483023e+11
2.160027e-04 5.553596e+11
2.160496e-04 5.582442e+11
2.160965e-04 5.629726e+11
2.161435e-04 5.723798e+11
2.161904e-04 5.800147e+11
2.162374e-04 5.947388e+11
2.162843e-04 6.036411e+11
2.163313e-04 6.139997e+11
2.163782e-04 6.130498e+11
2.164252e-04 6.099677e+11
2.164721e-04 6.158826e+11
2.165191e-04 6.104490e+11
2.165661e-04 6.052472e+11
2.166130e-04 6.034682e+11
2.166600e-04 6.039061e+11
2.167070e-04 5.983254e+11
2.167540e-04 5.952897e+11
2.168009e-04 6.001901e+11
2.168479e-04 5.979408e+11
2.168949e-04 5.946602e+11
2.169419e-04 6.003376e+11
2.169889e-04 6.088963e+11
2.170359e-04 6.112486e+11
2.170829e-04 6.141316e+11
2.171299e-04 6.109945e+11
2.171769e-04 6.058400e+11
2.172239e-04 6.062888e+11
2.172709e-04 6.083106e+11
2.173179e-04 6.141633e+11
2.173649e-04 6.175673e+11
2.174120e-04 6.220073e+11
2.174590e-04 6.169497e+11
2.175060e-04 6.036601e+11
2.175530e-04 5.905590e+11
2.176001e-04 5.726904e+11
2.176471e-04 5.571346e+11
2.176941e-04 5.481786e+11
2.177412e-04 5.545666e+11
2.177882e-04 5.572009e+11
2.178353e-04 5.642724e+11
2.178823e-04 5.758692e+11
2.179294e-04 5.790389e+11
2.179764e-04 5.656101e+11
2.180235e-04 5.590998e+11
2.180705e-04 5.766216e+11
2.181176e-04 5.811542e+11
2.181647e-04 5.819646e+11
2.182117e-04 5.784591e+11
2.182588e-04 5.824107e+11
2.183059e-04 5.831643e+11
2.183529e-04 5.894326e+11
2.184000e-04 5.906077e+11
2.184471e-04 5.984320e+11
2.184942e-04 5.983539e+11
2.185413e-04 5.991371e+11
2.185884e-04 5.937232e+11
2.186355e-04 5.880940e+11
2.186826e-04 5.811232e+11
2.187296e-04 5.730399e+11
2.187768e-04 5.607714e+11
2.188239e-04 5.624584e+11
2.188710e-04 5.671975e+11
2.189181e-04 5.711351e+11
2.189652e-04 5.603096e+11
2.190123e-04 5.453750e+11
2.190594e-04 5.235698e+11
2.191065e-04 5.269224e+11
2.191537e-04 5.227564e+11
2.192008e-04 5.136439e+11
2.192479e-04 5.187535e+11
2.192950e-04 5.211742e+11
2.193422e-04 5.224935e+11
2.193893e-04 5.306519e+11
2.194364e-04 5.352538e+11
2.194836e-04 5.408412e+11
2.195307e-04 5.466077e+11
2.195779e-04 5.457190e+11
2.196250e-04 5.469650e+11
2.196722e-04 5.408945e+11
2.197193e-04 5.315728e+11
2.197665e-04 5.223486e+11
2.198136e-04 5.342387e+11
2.198608e-04 5.412971e+11
2.199080e-04 5.400888e+11
2.199551e-04 5.472321e+11
2.200023e-04 5.504079e+11
2.200495e-04 5.518764e+11
2.200966e-04 5.638079e+11
2.201438e-04 5.622139e+11
2.201910e-04 5.573342e+11
2.202382e-04 5.696630e+11
2.202854e-04 5.677427e+11
2.203325e-04 5.656401e+11
2.203797e-04 5.609062e+11
2.204269e-04 5.699548e+11
2.204741e-04 5.668860e+11
2.205213e-04 5.677234e+11
2.205685e-04 5.644873e+11
2.206157e-04 5.645111e+11
2.206629e-04 5.634442e+11
2.207101e-04 5.601725e+11
2.207573e-04 5.357349e+11
2.208045e-04 5.399407e+11
2.208517e-04 5.262687e+11
2.208990e-04 5.285948e+11
2.209462e-04 5.414647e+11
2.209934e-04 5.495732e+11
2.210406e-04 5.535713e+11
2.210878e-04 5.538617e+11
2.211351e-04 5.561556e+11
2.211823e-04 5.540920e+11
2.212295e-04 5.487943e+11
2.212768e-04 5.437590e+11
2.213240e-04 5.529670e+11
2.213712e-04 5.408954e+11
2.214185e-04 5.348145e+11
2.214657e-04 5.349796e+11
2.215130e-04 5.389367e+11
2.215602e-04 5.454516e+11
2.216075e-04 5.420280e+11
2.216547e-04 5.361971e+11
2.217020e-04 5.364788e+11
2.217492e-04 5.367901e+11
2.217965e-04 5.123590e+11
2.218438e-04 5.173673e+11
2.218910e-04 5.263642e+11
2.219383e-04 5.185736e+11
2.219856e-04 5.274286e+11
2.220328e-04 5.273019e+11
2.220801e-04 5.250238e+11
2.221274e-04 5.313238e+11
2.221747e-04 5.310486e+11
2.222219e-04 5.319079e+11
2.222692e-04 5.361297e+11
2.223165e-04 5.349131e+11
2.223638e-04 5.297426e+11
2.224111e-04 5.222960e+11
2.224584e-04 5.122176e+11
2.225057e-04 5.072431e+11
2.225530e-04 5.108345e+11
2.226002e-04 5.174592e+11
2.226475e-04 5.114512e+11
2.226948e-04 5.094267e+11
2.227422e-04 5.162783e+11
2.227895e-04 5.067234e+11
2.228368e-04 5.120412e+11
2.228841e-04 5.059415e+11
2.229314e-04 4.980744e+11
2.229787e-04 4.976270e+11
2.230260e-04 5.024637e+11
2.230733e-04 5.027859e+11
2.231207e-04 5.029231e+11
2.231680e-04 5.048502e+11
2.232153e-04 4.993577e+11
2.232626e-04 4.983941e+11
2.233100e-04 4.940083e+11
2.233573e-04 4.960127e+11
2.234046e-04 6.837082e+11
2.234520e-04 6.059127e+11
2.234993e-04 4.873036e+11
2.235466e-04 4.867809e+11
2.235940e-04 4.853494e+11
2.236413e-04 4.846941e+11
2.236887e-04 4.794576e+11
2.237360e-04 4.813800e+11
2.237833e-04 4.861511e+11
2.238307e-04 4.814026e+11
2.238780e-04 4.759531e+11
2.239254e-04 4.694931e+11
2.239728e-04 4.672618e+11
2.240201e-04 4.732883e+11
2.240675e-04 4.770850e+11
2.241148e-04 4.821994e+11
2.241622e-04 4.862422e+11
2.242096e-04 4.826122e+11
2.242569e-04 4.787160e+11
2.243043e-04 4.808091e+11
2.243517e-04 4.771962e+11
2.243991e-04 4.773122e+11
2.244464e-04 4.737820e+11
2.244938e-04 4.706264e+11
2.245412e-04 4.711037e+11
2.245886e-04 4.719092e+11
2.246359e-04 4.706225e+11
2.246833e-04 4.639168e+11
2.247307e-04 4.615121e+11
2.247781e-04 4.622575e+11
2.248255e-04 4.593355e+11
2.248729e-04 4.581397e+11
2.249203e-04 4.596419e+11
2.249677e-04 4.603340e+11
2.250151e-04 4.586443e+11
2.250625e-04 4.598243e+11
2.251099e-04 4.683918e+11
2.251573e-04 4.664746e+11
2.252047e-04 4.651556e+11
2.252521e-04 4.615902e+11
2.252995e-04 4.510824e+11
2.253469e-04 4.526698e+11
2.253943e-04 4.508542e+11
2.254417e-04 4.433410e+11
2.254891e-04 4.407860e+11
2.255366e-04 4.451074e+11
2.255840e-04 4.497616e+11
2.256314e-04 4.513028e+11
2.256788e-04 4.539160e+11
2.257262e-04 4.466878e+11
2.257737e-04 4.495053e+11
2.258211e-04 4.548410e+11
2.258685e-04 4.574264e+11
2.259160e-04 4.539648e+11
2.259634e-04 4.656789e+11
2.260108e-04 4.519017e+11
2.260583e-04 4.467947e+11
2.261057e-04 4.413605e+11
2.261531e-04 4.281046e+11
2.262006e-04 4.270544e+11
2.262480e-04 4.333175e+11
2.262954e-04 4.399707e+11
2.263429e-04 4.449113e+11
2.263903e-04 4.432704e+11
2.264378e-04 4.413549e+11
2.264852e-04 4.440998e+11
2.265327e-04 4.417825e+11
2.265801e-04 4.465632e+11
2.266276e-04 4.452007e+11
2.266751e-04 4.437969e+11
2.267225e-04 4.431383e+11
2.267700e-04 4.320973e+11
2.268174e-04 4.311301e+11
2.268649e-04 4.159224e+11
2.269124e-04 4.150386e+11
2.269598e-04 4.218215e+11
2.270073e-04 4.324207e+11
2.270548e-04 4.295269e+11
2.271022e-04 4.359612e+11
2.271497e-04 4.537579e+11
2.271972e-04 4.491204e+11
2.272446e-04 4.443592e+11
2.272921e-04 4.430246e+11
2.273396e-04 4.285677e+11
2.273871e-04 4.296004e+11
2.274345e-04 4.287614e+11
2.274820e-04 4.207964e+11
2.275295e-04 4.170326e+11
2.275770e-04 4.078667e+11
2.276245e-04 3.995279e+11
2.276720e-04 3.980323e+11
2.277195e-04 4.157644e+11
2.277669e-04 4.179797e+11
2.278144e-04 4.202302e+11
2.278619e-04 4.196229e+11
2.279094e-04 4.327964e+11
2.279569e-04 4.354522e+11
2.280044e-04 4.322881e+11
2.280519e-04 4.325125e+11
2.280994e-04 4.271738e+11
2.281469e-04 4.197639e+11
2.281944e-04 4.159694e+11
2.282419e-04 4.072974e+11
2.282894e-04 4.029955e+11
2.283369e-04 3.960771e+11
2.283844e-04 4.026677e+11
2.284319e-04 3.993968e+11
2.284794e-04 4.061640e+11
2.285270e-04 4.026919e+11
2.285745e-04 4.098072e+11
2.286220e-04 4.039270e+11
2.286695e-04 4.022822e+11
2.287170e-04 3.973131e+11
2.287645e-04 3.857980e+11
2.288120e-04 3.820479e+11
2.288596e-04 3.850441e+11
2.289071e-04 3.697739e+11
2.289546e-04 3.915919e+11
2.290021e-04 3.961408e+11
2.290497e-04 3.963332e+11
2.290972e-04 3.966881e+11
2.291447e-04 3.885053e+11
2.291922e-04 3.805305e+11
2.292398e-04 3.811258e+11
2.292873e-04 3.816708e+11
2.293348e-04 3.911900e+11
2.293824e-04 3.860814e+11
2.294299e-04 3.803997e+11
2.294774e-04 3.906278e+11
2.295250e-04 3.948042e+11
2.295725e-04 3.873753e+11
2.296200e-04 3.841512e+11
2.296676e-04 3.835282e+11
2.297151e-04 3.805528e+11
2.297627e-04 3.772119e+11
2.298102e-04 3.776877e+11
2.298577e-04 3.870388e+11
2.299053e-04 3.858174e+11
2.299528e-04 3.868522e+11
2.300004e-04 3.882605e+11
2.300479e-04 3.958089e+11
2.300955e-04 3.917224e+11
2.301430e-04 3.886906e+11
2.301906e-04 3.908418e+11
2.302381e-04 3.906315e+11
2.302857e-04 4.000271e+11
2.303332e-04 3.939615e+11
2.303808e-04 4.029982e+11
2.304284e-04 4.098435e+11
2.304759e-04 4.013967e+11
2.305235e-04 4.050789e+11
2.305710e-04 3.984915e+11
2.306186e-04 4.013584e+11
2.306662e-04 4.026375e+11
2.307137e-04 3.991066e+11
2.307613e-04 3.896122e+11
2.308088e-04 3.789022e+11
2.308564e-04 3.589771e+11
2.309040e-04 3.324702e+11
2.309515e-04 3.134837e+11
2.309991e-04 2.966370e+11
2.310467e-04 2.900693e+11
2.310942e-04 2.947052e+11
2.311418e-04 3.043514e+11
2.311894e-04 3.197322e+11
2.312370e-04 3.328441e+11
2.312845e-04 3.413794e+11
2.313321e-04 3.368340e+11
2.313797e-04 3.371307e+11
2.314273e-04 3.307369e+11
2.314748e-04 3.241702e+11
2.315224e-04 3.230790e+11
2.315700e-04 3.230409e+11
2.316176e-04 3.247540e+11
2.316652e-04 3.371558e+11
2.317127e-04 3.424306e+11
2.317603e-04 3.547643e+11
2.318079e-04 3.558938e+11
2.318555e-04 3.553801e+11
2.319031e-04 3.560758e+11
2.319507e-04 3.562769e+11
2.319982e-04 3.557631e+11
2.320458e-04 3.569525e+11
2.320934e-04 3.561374e+11
2.321410e-04 3.502733e+11
2.321886e-04 3.435654e+11
2.322362e-04 3.443854e+11
2.322838e-04 3.404727e+11
2.323314e-04 3.445943e+11
2.323789e-04 3.415876e+11
2.324265e-04 3.356566e+11
2.324741e-04 3.334407e+11
2.325217e-04 3.349893e+11
2.325693e-04 3.313448e+11
2.326169e-04 3.333242e+11
2.326645e-04 3.319548e+11
2.327121e-04 3.272581e+11
2.327597e-04 3.208123e+11
2.328073e-04 3.245888e+11
2.328549e-04 3.175611e+11
2.329025e-04 3.188516e+11
2.329501e-04 3.120891e+11
2.329977e-04 3.048463e+11
2.330453e-04 3.003867e+11
2.330929e-04 2.906143e+11
2.331405e-04 2.792304e+11
2.331881e-04 2.674041e+11
2.332357e-04 2.541178e+11
2.332833e-04 2.475530e+11
2.333309e-04 2.444854e+11
2.333785e-04 2.388503e+11
2.334261e-04 2.360183e+11
2.334737e-04 2.372293e+11
2.335213e-04 2.389205e+11
2.335690e-04 2.438578e+11
2.336166e-04 2.427936e+11
2.336642e-04 2.294938e+11
2.337118e-04 2.311305e+11
2.337594e-04 2.280043e+11
2.338070e-04 2.211964e+11
2.338546e-04 2.115117e+11
2.339022e-04 2.029038e+11
2.339498e-04 2.008442e+11
2.339974e-04 1.977468e+11
2.340451e-04 1.884926e+11
2.340927e-04 1.824162e+11
2.341403e-04 1.765471e+11
2.341879e-04 1.710963e+11
2.342355e-04 1.657225e+11
2.342831e-04 1.583004e+11
2.343307e-04 1.426034e+11
2.343784e-04 1.330561e+11
2.344260e-04 1.236443e+11
2.344736e-04 1.254202e+11
2.345212e-04 1.231200e+11
2.345688e-04 1.224003e+11
2.346164e-04 1.234072e+11
2.346641e-04 1.216590e+11
2.347117e-04 1.277316e+11
2.347593e-04 1.264995e+11
2.348069e-04 1.207483e+11
2.348545e-04 1.176848e+11
2.349022e-04 1.138030e+11
2.349498e-04 1.023758e+11
2.349974e-04 9.909269e+10
2.350450e-04 9.870517e+10
2.350926e-04 9.457406e+10
2.351403e-04 9.407997e+10
2.351879e-04 9.048970e+10
2.352355e-04 8.509367e+10
2.352831e-04 9.190782e+10
2.353307e-04 9.092353e+10
2.353784e-04 8.963499e+10
2.354260e-04 8.537181e+10
2.354736e-04 8.030377e+10
2.355212e-04 8.006541e+10
2.355689e-04 7.602438e+10
2.356165e-04 7.249730e+10
2.356641e-04 7.021330e+10
2.357117e-04 6.662032e+10
2.357594e-04 6.425534e+10
2.358070e-04 6.291252e+10
2.358546e-04 5.687458e+10
2.359022e-04 5.737730e+10
2.359499e-04 5.523863e+10
2.359975e-04 4.719872e+10
2.360451e-04 5.089906e+10
2.360927e-04 4.960785e+10
2.361404e-04 4.661787e+10
2.361880e-04 4.551091e+10
2.362356e-04 4.508058e+10
2.362833e-04 4.435053e+10
2.363309e-04 4.300743e+10
2.363785e-04 3.985171e+10
2.364261e-04 3.632135e+10
2.364738e-04 3.781769e+10
2.365214e-04 3.937915e+10
2.365690e-04 3.953476e+10
2.366166e-04 3.908320e+10
2.366643e-04 3.815708e+10
2.367119e-04 3.855600e+10
2.367595e-04 3.765949e+10
2.368072e-04 3.646128e+10
2.368548e-04 3.650154e+10
2.369024e-04 3.577774e+10
2.369500e-04 3.311862e+10
2.369977e-04 3.100821e+10
2.370453e-04 2.985232e+10
2.370929e-04 2.585673e+10
2.371406e-04 2.745945e+10
2.371882e-04 3.185482e+10
2.372358e-04 3.161282e+10
2.372834e-04 3.159258e+10
2.373311e-04 2.809487e+10
2.373787e-04 2.739734e+10
2.374263e-04 2.833352e+10
2.374740e-04 2.853593e+10
2.375216e-04 2.805788e+10
2.375692e-04 2.564077e+10
2.376168e-04 2.352340e+10
2.376645e-04 2.772938e+10
2.377121e-04 2.719793e+10
2.377597e-04 2.801378e+10
2.378074e-04 2.827697e+10
2.378550e-04 2.230089e+10
2.379026e-04 2.563471e+10
2.379502e-04 2.756435e+10
2.379979e-04 2.764371e+10
2.380455e-04 2.814302e+10
2.380931e-04 2.608821e+10
2.381408e-04 2.617033e+10
2.381884e-04 2.581436e+10
2.382360e-04 2.602830e+10
2.382836e-04 2.599360e+10
2.383313e-04 2.552279e+10
2.383789e-04 2.561596e+10
2.384265e-04 2.651499e+10
2.384741e-04 1.890520e+10
2.385218e-04 2.294537e+10
2.385694e-04 2.462484e+10
2.386170e-04 2.390704e+10
2.386647e-04 2.450537e+10
2.387123e-04 2.300686e+10
2.387599e-04 2.173106e+10
2.388075e-04 1.942282e+10
2.388552e-04 2.509946e+10
2.389028e-04 2.460346e+10
2.389504e-04 2.346325e+10
2.389980e-04 2.336767e+10
2.390457e-04 2.293740e+10
2.390933e-04 2.186043e+10
2.391409e-04 2.191384e+10
2.391885e-04 2.249052e+10
2.392361e-04 2.184846e+10
2.392838e-04 2.269253e+10
2.393314e-04 2.287535e+10
2.393790e-04 2.387090e+10
2.394266e-04 2.306375e+10
2.394743e-04 1.982773e+10
2.395219e-04 1.877509e+10
2.395695e-04 1.991736e+10
2.396171e-04 2.803969e+10
