1220	0.7048136194
1219.5	0.7710157235
1219	0.8434886932
1218.5	0.8908782005
1218	0.9758929014
1217.5	1.048835516
1217	1.120819092
1216.5	1.249564767
1216	1.322497368
1215.5	1.486920953
1215	1.631147623
1214.5	1.817999601
1214	1.981082559
1213.5	2.169016361
1213	2.402487516
1212.5	2.745382547
1212	3.055299282
1211.5	3.418809652
1211	3.791951656
1210.5	4.336225033
1210	4.894268513
1209.5	5.537052155
1209	6.347803116
1208.5	7.13896513
1208	8.118512154
1207.5	9.155435562
1207	10.4611063
1206.5	11.86293411
1206	13.39207554
1205.5	15.24876022
1205	16.95822716
1204.5	19.02493477
1204	21.24094963
1203.5	23.6688118
1203	26.25482178
1202.5	28.82312584
1202	31.80123329
1201.5	34.35670853
1201	37.40306473
1200.5	40.60005951
1200	43.66930389
1199.5	47.19487762
1199	50.24835968
1198.5	53.46853638
1198	56.61051941
1197.5	59.94564438
1197	63.06874847
1196.5	66.12375641
1196	69.23936462
1195.5	71.74384308
1195	74.36508942
1194.5	76.57945251
1194	78.70307159
1193.5	80.6282196
1193	82.28073883
1192.5	83.69893646
1192	84.68682098
1191.5	85.70374298
1191	86.40075684
1190.5	86.98291016
1190	87.36904144
1189.5	87.59910583
1189	87.6619339
1188.5	87.68361664
1188	87.5099411
1187.5	87.2052536
1187	86.85792542
1186.5	86.44403839
1186	85.98934937
1185.5	85.51374054
1185	84.93902588
1184.5	84.26083374
1184	83.71530151
1183.5	83.22346497
1183	82.62680817
1182.5	82.23886871
1182	81.85021973
1181.5	81.42340088
1181	81.23234558
1180.5	81.13304901
1180	81.00962067
1179.5	81.0068512
1179	81.18391418
1178.5	81.33188629
1178	81.59261322
1177.5	81.96000671
1177	82.38796234
1176.5	82.77098083
1176	83.29141235
1175.5	83.78416443
1175	84.19078827
1174.5	84.67268372
1174	85.07206726
1173.5	85.51417542
1173	85.76822662
1172.5	86.06349182
1172	86.23345184
1171.5	86.36933899
1171	86.4307785
1170.5	86.55396271
1170	86.40914917
1169.5	86.34448242
1169	86.35386658
1168.5	86.21855927
1168	86.03351593
1167.5	85.93811035
1167	85.85988617
1166.5	85.71404266
1166	85.67436218
1165.5	85.62392426
1165	85.54767609
1164.5	85.4683609
1164	85.5499649
1163.5	85.51911926
1163	85.51080322
1162.5	85.56503296
1162	85.68746185
1161.5	85.7154007
1161	85.80147552
1160.5	85.88527679
1160	85.96988678
1159.5	86.02990723
1159	86.18360901
1158.5	86.31391144
1158	86.43889618
1157.5	86.48531342
1157	86.63993835
1156.5	86.81817627
1156	86.81787109
1155.5	86.81194305
1155	86.94836426
1154.5	86.9723587
1154	86.88442993
1153.5	86.83258057
1153	86.80646515
1152.5	86.55203247
1152	86.26766205
1151.5	86.09431458
1151	85.78637695
1150.5	85.31523132
1150	84.92133331
1149.5	84.57711029
1149	84.10844421
1148.5	83.59733582
1148	83.16686249
1147.5	82.81758118
1147	82.3727417
1146.5	82.01331329
1146	81.75042725
1145.5	81.51563263
1145	81.3130722
1144.5	81.2020874
1144	81.16891479
1143.5	81.231987
1143	81.20841217
1142.5	81.34115601
1142	81.59570313
1141.5	81.88450623
1141	82.04115295
1140.5	82.329216
1140	82.78458405
1139.5	83.10706329
1139	83.41591644
1138.5	83.64554596
1138	84.04065704
1137.5	84.28907776
1137	84.45842743
1136.5	84.70681
1136	84.9475174
1135.5	85.01661682
1135	85.18438721
1134.5	85.24453735
1134	85.34828949
1133.5	85.36115265
1133	85.28033447
1132.5	85.22290802
1132	85.13642883
1131.5	84.97891235
1131	84.88729858
1130.5	84.6919632
1130	84.55422211
1129.5	84.35325623
1129	84.07964325
1128.5	83.82855225
1128	83.58742523
1127.5	83.29954529
1127	82.97758484
1126.5	82.64618683
1126	82.31296539
1125.5	82.05046844
1125	81.76262665
1124.5	81.54441833
1124	81.37893677
1123.5	81.15763092
1123	81.0434494
1122.5	80.95969391
1122	81.03154755
1121.5	81.15945435
1121	81.26544952
1120.5	81.42093658
1120	81.72451019
1119.5	82.05815887
1119	82.43305969
1118.5	82.69906616
1118	83.11920929
1117.5	83.58794403
1117	83.94684601
1116.5	84.31278229
1116	84.55474091
1115.5	84.81541443
1115	85.0334549
1114.5	85.1508255
1114	85.1220932
1113.5	85.07867432
1113	85.06047821
1112.5	84.97328949
1112	84.71209717
1111.5	84.49098206
1111	84.26808929
1110.5	84.02765656
1110	83.77742767
1109.5	83.49635315
1109	83.31269836
1108.5	83.11441803
1108	82.95574951
1107.5	82.81376648
1107	82.7041626
1106.5	82.63121033
1106	82.57073975
1105.5	82.58779907
1105	82.60441589
1104.5	82.59004974
1104	82.54592133
1103.5	82.55638123
1103	82.55496216
1102.5	82.58283234
1102	82.5687027
1101.5	82.55343628
1101	82.58425903
1100.5	82.61951447
1100	82.63059235
1099.5	82.62905121
1099	82.71426392
1098.5	82.78774261
1098	82.83135986
1097.5	82.92201996
1097	83.00434113
1096.5	83.1061554
1096	83.20586395
1095.5	83.28507996
1095	83.40699768
1094.5	83.41757965
1094	83.45752716
1093.5	83.49903107
1093	83.46427917
1092.5	83.35502625
1092	83.27898407
1091.5	83.1628418
1091	83.05579376
1090.5	82.91886902
1090	82.73270416
1089.5	82.62021637
1089	82.47999573
1088.5	82.36237335
1088	82.32336426
1087.5	82.30420685
1087	82.26638794
1086.5	82.27902985
1086	82.41336823
1085.5	82.55181885
1085	82.67037964
1084.5	82.83207703
1084	82.93199158
1083.5	83.17038727
1083	83.33887482
1082.5	83.54544067
1082	83.68157959
1081.5	83.80688477
1081	83.94354248
1080.5	84.05757904
1080	84.12725067
1079.5	84.15428162
1079	84.22051239
1078.5	84.25049591
1078	84.29753113
1077.5	84.32050323
1077	84.41092682
1076.5	84.3894577
1076	84.43660736
1075.5	84.39739227
1075	84.38419342
1074.5	84.26367188
1074	84.17643738
1073.5	83.97203827
1073	83.7219162
1072.5	83.41858673
1072	83.00762177
1071.5	82.5608139
1071	82.14494324
1070.5	81.58359528
1070	81.09615326
1069.5	80.56625366
1069	80.00169373
1068.5	79.59532166
1068	79.2082901
1067.5	78.88887787
1067	78.59388733
1066.5	78.45070648
1066	78.37262726
1065.5	78.3764801
1065	78.49060059
1064.5	78.6877594
1064	78.92460632
1063.5	79.21377563
1063	79.52190399
1062.5	79.9081955
1062	80.27563477
1061.5	80.57874298
1061	80.90348053
1060.5	81.13380432
1060	81.33938599
1059.5	81.50876617
1059	81.63698578
1058.5	81.71546173
1058	81.7557373
1057.5	81.80632782
1057	81.75327301
1056.5	81.73176575
1056	81.75957489
1055.5	81.7229538
1055	81.64104462
1054.5	81.59482574
1054	81.57426453
1053.5	81.52523804
1053	81.39057159
1052.5	81.26673889
1052	81.16421509
1051.5	81.05307007
1051	80.84925079
1050.5	80.66768646
1050	80.43278503
1049.5	80.29191589
1049	80.12241364
1048.5	79.96960449
1048	79.83316803
1047.5	79.74437714
1047	79.68028259
1046.5	79.68743134
1046	79.66862488
1045.5	79.72307587
1045	79.7731781
1044.5	79.82743073
1044	79.88489532
1043.5	79.96601868
1043	79.97421265
1042.5	79.96416473
1042	79.92115784
1041.5	79.85588074
1041	79.73271942
1040.5	79.56942749
1040	79.31563568
1039.5	79.07777405
1039	78.79813385
1038.5	78.47306061
1038	78.09757233
1037.5	77.64064789
1037	77.16417694
1036.5	76.68466187
1036	76.19633484
1035.5	75.6938324
1035	75.19973755
1034.5	74.65550232
1034	74.22738647
1033.5	73.82333374
1033	73.51509094
1032.5	73.17304993
1032	72.98833466
1031.5	72.78164673
1031	72.61338043
1030.5	72.4065094
1030	72.23127747
1029.5	71.93736267
1029	71.55086517
1028.5	71.08034515
1028	70.48927307
1027.5	69.79064178
1027	69.14034271
1026.5	68.41072083
1026	67.79933167
1025.5	67.03549957
1025	66.35105896
1024.5	65.5026474
1024	64.21687317
1023.5	62.53874969
1023	59.7686882
1022.5	56.06850433
1022	50.90523529
1021.5	44.59193802
1021	38.28763199
1020.5	31.42162895
1020	26.05362892
1019.5	20.53526497
1019	16.06029892
1018.5	12.47317982
1018	9.408781052
1017.5	7.335871696
1017	5.631531715
1016.5	4.388000965
1016	3.337889194
1015.5	2.588634253
1015	1.960732818
1014.5	1.490534186
1014	1.215192914
1013.5	0.9449536204
1013	0.7466612458
1012.5	0.5793756843
1012	0.413849473
1011.5	0.3875594437
1011	0.3077136874
1010.5	0.2121393383
1010	0.1987930834
1009.5	0.1335904747
1009	0.1404512674
1008.5	0.100584656
1008	0.0743965581
1007.5	0.0885743052
1007	0.0537464805
1006.5	0.0404044502
1006	0.0574106649
1005.5	0.0448946916
1005	0.0576175042
1004.5	0.0119579975
1004	-0.031661842
1003.5	0.0020023747
1003	0.0276574343
1002.5	0.0240708981
1002	0.0062724953
1001.5	0.0049885819
1001	-0.0007009369
1000.5	-0.0097682625
1000	0.0065168473
