1.427365e-04 6.505381e-01
1.427689e-04 6.459466e-01
1.428013e-04 6.467221e-01
1.428337e-04 6.481988e-01
1.428661e-04 6.531100e-01
1.428986e-04 6.567913e-01
1.429310e-04 6.497364e-01
1.429634e-04 6.611391e-01
1.429959e-04 6.741866e-01
1.430283e-04 6.666734e-01
1.430608e-04 6.798957e-01
1.430933e-04 6.796039e-01
1.431257e-04 6.613956e-01
1.431582e-04 6.587104e-01
1.431907e-04 6.631337e-01
1.432232e-04 6.682584e-01
1.432557e-04 6.686400e-01
1.432882e-04 6.956351e-01
1.433207e-04 6.909408e-01
1.433532e-04 6.881161e-01
1.433857e-04 6.964840e-01
1.434182e-04 6.965650e-01
1.434507e-04 7.036637e-01
1.434833e-04 7.081788e-01
1.435158e-04 7.244585e-01
1.435483e-04 7.148705e-01
1.435809e-04 7.118280e-01
1.436134e-04 7.018742e-01
1.436460e-04 7.075281e-01
1.436785e-04 7.170834e-01
1.437111e-04 7.235189e-01
1.437437e-04 7.179209e-01
1.437763e-04 7.313948e-01
1.438088e-04 7.324073e-01
1.438414e-04 7.495892e-01
1.438740e-04 7.573222e-01
1.439066e-04 7.479223e-01
1.439392e-04 7.458126e-01
1.439718e-04 7.528248e-01
1.440044e-04 7.446436e-01
1.440371e-04 7.418391e-01
1.440697e-04 7.603037e-01
1.441023e-04 7.594431e-01
1.441349e-04 7.666513e-01
1.441676e-04 7.661897e-01
1.442002e-04 7.646682e-01
1.442329e-04 7.729175e-01
1.442655e-04 7.767435e-01
1.442982e-04 7.797782e-01
1.443309e-04 7.766257e-01
1.443635e-04 7.719580e-01
1.443962e-04 7.751417e-01
1.444289e-04 7.770392e-01
1.444616e-04 7.773337e-01
1.444943e-04 7.892760e-01
1.445270e-04 7.923829e-01
1.445597e-04 7.919640e-01
1.445924e-04 7.860514e-01
1.446251e-04 7.830678e-01
1.446578e-04 7.962476e-01
1.446905e-04 8.048363e-01
1.447233e-04 7.992700e-01
1.447560e-04 8.031701e-01
1.447887e-04 8.166506e-01
1.448215e-04 8.217737e-01
1.448542e-04 8.227653e-01
1.448870e-04 8.234115e-01
1.449197e-04 8.216543e-01
1.449525e-04 8.209613e-01
1.449853e-04 8.198905e-01
1.450181e-04 8.211410e-01
1.450508e-04 8.270693e-01
1.450836e-04 8.237738e-01
1.451164e-04 8.281172e-01
1.451492e-04 8.298026e-01
1.451820e-04 8.251691e-01
1.452148e-04 8.374795e-01
1.452476e-04 8.491980e-01
1.452804e-04 8.492727e-01
1.453133e-04 8.539322e-01
1.453461e-04 8.571986e-01
1.453789e-04 8.634820e-01
1.454117e-04 8.767381e-01
1.454446e-04 8.780446e-01
1.454774e-04 8.667920e-01
1.455103e-04 8.631577e-01
1.455431e-04 8.720992e-01
1.455760e-04 8.810219e-01
1.456089e-04 8.901980e-01
1.456417e-04 8.892914e-01
1.456746e-04 8.876260e-01
1.457075e-04 9.006042e-01
1.457404e-04 9.098809e-01
1.457733e-04 9.192731e-01
1.458062e-04 9.262791e-01
1.458391e-04 9.226251e-01
1.458720e-04 9.255360e-01
1.459049e-04 9.330360e-01
1.459378e-04 9.440591e-01
1.459707e-04 9.448716e-01
1.460037e-04 9.309128e-01
1.460366e-04 8.812163e-01
1.460695e-04 8.213154e-01
1.461025e-04 7.735374e-01
1.461354e-04 6.623147e-01
1.461684e-04 5.727922e-01
1.462013e-04 5.324185e-01
1.462343e-04 5.366949e-01
1.462672e-04 5.254999e-01
1.463002e-04 5.086117e-01
1.463332e-04 4.682415e-01
1.463662e-04 4.356906e-01
1.463992e-04 4.120135e-01
1.464322e-04 3.825637e-01
1.464651e-04 3.504110e-01
1.464981e-04 3.292741e-01
1.465312e-04 3.091451e-01
1.465642e-04 2.927782e-01
1.465972e-04 2.771640e-01
1.466302e-04 2.559925e-01
1.466632e-04 2.354529e-01
1.466963e-04 2.230936e-01
1.467293e-04 2.091783e-01
1.467623e-04 2.010477e-01
1.467954e-04 1.938403e-01
1.468284e-04 1.754255e-01
1.468615e-04 1.734192e-01
1.468945e-04 1.635178e-01
1.469276e-04 1.513170e-01
1.469607e-04 1.374775e-01
1.469937e-04 1.314023e-01
1.470268e-04 1.209393e-01
1.470599e-04 1.131913e-01
1.470930e-04 1.068908e-01
1.471261e-04 1.006389e-01
1.471592e-04 9.533854e-02
1.471923e-04 9.142418e-02
1.472254e-04 8.700708e-02
1.472585e-04 8.373069e-02
1.472916e-04 8.343774e-02
1.473247e-04 9.755737e-02
1.473579e-04 7.833229e-02
1.473910e-04 7.425959e-02
1.474241e-04 7.287152e-02
1.474573e-04 7.231368e-02
1.474904e-04 6.997261e-02
1.475236e-04 6.736707e-02
1.475567e-04 6.214413e-02
1.475899e-04 5.883965e-02
1.476230e-04 5.561316e-02
1.476562e-04 5.272611e-02
1.476894e-04 5.024191e-02
1.477226e-04 4.723300e-02
1.477557e-04 4.553315e-02
1.477889e-04 4.444529e-02
1.478221e-04 4.403795e-02
1.478553e-04 4.378724e-02
1.478885e-04 4.311414e-02
1.479217e-04 4.115093e-02
1.479549e-04 3.922571e-02
1.479882e-04 3.796885e-02
1.480214e-04 3.679799e-02
1.480546e-04 3.629527e-02
1.480878e-04 3.629893e-02
1.481211e-04 3.626218e-02
1.481543e-04 3.551687e-02
1.481875e-04 3.455050e-02
1.482208e-04 3.373290e-02
1.482540e-04 3.382829e-02
1.482873e-04 3.411255e-02
1.483206e-04 3.383725e-02
1.483538e-04 3.264091e-02
1.483871e-04 3.160673e-02
1.484204e-04 3.053482e-02
1.484537e-04 2.900212e-02
1.484869e-04 2.839559e-02
1.485202e-04 2.833047e-02
1.485535e-04 2.747943e-02
1.485868e-04 2.632217e-02
1.486201e-04 2.464905e-02
1.486534e-04 2.274497e-02
1.486868e-04 2.139112e-02
1.487201e-04 2.086613e-02
1.487534e-04 2.098181e-02
1.487867e-04 2.131287e-02
1.488201e-04 2.192839e-02
1.488534e-04 2.265037e-02
1.488867e-04 2.799020e-02
1.489201e-04 2.560592e-02
1.489534e-04 2.353249e-02
1.489868e-04 2.389356e-02
1.490201e-04 2.441108e-02
1.490535e-04 2.472908e-02
1.490869e-04 2.401336e-02
1.491202e-04 2.234183e-02
1.491536e-04 2.071510e-02
1.491870e-04 1.965459e-02
1.492204e-04 1.923755e-02
1.492538e-04 1.919331e-02
1.492872e-04 1.928344e-02
1.493206e-04 1.951127e-02
1.493540e-04 1.955564e-02
1.493874e-04 1.918663e-02
1.494208e-04 1.870178e-02
1.494542e-04 1.823388e-02
1.494876e-04 1.770600e-02
1.495210e-04 1.750421e-02
1.495545e-04 1.536952e-02
1.495879e-04 1.546036e-02
1.496214e-04 1.716052e-02
1.496548e-04 1.710388e-02
1.496882e-04 1.719652e-02
1.497217e-04 1.769344e-02
1.497552e-04 1.794383e-02
1.497886e-04 1.764081e-02
1.498221e-04 1.756646e-02
1.498555e-04 1.791076e-02
1.498890e-04 1.840504e-02
1.499225e-04 1.878162e-02
1.499560e-04 1.918197e-02
1.499895e-04 1.969889e-02
1.500230e-04 2.021497e-02
1.500565e-04 2.050404e-02
1.500900e-04 2.052197e-02
1.501235e-04 2.069837e-02
1.501570e-04 2.096358e-02
1.501905e-04 2.116324e-02
1.502240e-04 2.123111e-02
1.502575e-04 2.124033e-02
1.502911e-04 2.099846e-02
1.503246e-04 2.033352e-02
1.503581e-04 1.960558e-02
1.503917e-04 1.918578e-02
1.504252e-04 1.909404e-02
1.504588e-04 1.940841e-02
1.504923e-04 2.002991e-02
1.505259e-04 2.110506e-02
1.505594e-04 2.205437e-02
1.505930e-04 2.280142e-02
1.506266e-04 2.359178e-02
1.506601e-04 2.390766e-02
1.506937e-04 2.386580e-02
1.507273e-04 2.369727e-02
1.507609e-04 2.335261e-02
1.507945e-04 2.258915e-02
1.508281e-04 2.204140e-02
1.508617e-04 2.054716e-02
1.508953e-04 2.061554e-02
1.509289e-04 2.186679e-02
1.509625e-04 2.244134e-02
1.509961e-04 2.319936e-02
1.510297e-04 2.344365e-02
1.510634e-04 2.333225e-02
1.510970e-04 2.329043e-02
1.511306e-04 2.343983e-02
1.511643e-04 2.332365e-02
1.511979e-04 2.348219e-02
1.512315e-04 2.327222e-02
1.512652e-04 2.284811e-02
1.512988e-04 2.250495e-02
1.513325e-04 2.237220e-02
1.513662e-04 2.213904e-02
1.513998e-04 2.200658e-02
1.514335e-04 2.237888e-02
1.514672e-04 2.284133e-02
1.515009e-04 2.357808e-02
1.515345e-04 2.355920e-02
1.515682e-04 2.362163e-02
1.516019e-04 2.351184e-02
1.516356e-04 2.331193e-02
1.516693e-04 2.311151e-02
1.517030e-04 2.299828e-02
1.517367e-04 2.324454e-02
1.517704e-04 2.337603e-02
1.518042e-04 2.341935e-02
1.518379e-04 2.350526e-02
1.518716e-04 2.324372e-02
1.519053e-04 2.327024e-02
1.519391e-04 2.316128e-02
1.519728e-04 2.381200e-02
1.520065e-04 2.438451e-02
1.520403e-04 2.501127e-02
1.520740e-04 2.495219e-02
1.521078e-04 2.477581e-02
1.521415e-04 2.548164e-02
1.521753e-04 2.577808e-02
1.522091e-04 2.537544e-02
1.522428e-04 2.557188e-02
1.522766e-04 2.522958e-02
1.523104e-04 2.531572e-02
1.523442e-04 2.534798e-02
1.523780e-04 2.511255e-02
1.524118e-04 2.492292e-02
1.524455e-04 2.473961e-02
1.524793e-04 2.477344e-02
1.525131e-04 2.482412e-02
1.525470e-04 2.503787e-02
1.525808e-04 2.516614e-02
1.526146e-04 2.511521e-02
1.526484e-04 2.506923e-02
1.526822e-04 2.492666e-02
1.527160e-04 2.497332e-02
1.527499e-04 2.479991e-02
1.527837e-04 2.468556e-02
1.528175e-04 2.458677e-02
1.528514e-04 2.445085e-02
1.528852e-04 2.401868e-02
1.529191e-04 2.405902e-02
1.529529e-04 2.404150e-02
1.529868e-04 2.412311e-02
1.530206e-04 2.406798e-02
1.530545e-04 2.432157e-02
1.530884e-04 2.461281e-02
1.531223e-04 2.487974e-02
1.531561e-04 2.510136e-02
1.531900e-04 2.530532e-02
1.532239e-04 2.551486e-02
1.532578e-04 2.555916e-02
1.532917e-04 2.550683e-02
1.533256e-04 2.539537e-02
1.533595e-04 2.520829e-02
1.533934e-04 2.519627e-02
1.534273e-04 2.499855e-02
1.534612e-04 2.508319e-02
1.534951e-04 2.509364e-02
1.535290e-04 2.514665e-02
1.535630e-04 2.524679e-02
1.535969e-04 2.508378e-02
1.536308e-04 2.530778e-02
1.536648e-04 2.525274e-02
1.536987e-04 2.513888e-02
1.537326e-04 2.514201e-02
1.537666e-04 2.482541e-02
1.538005e-04 2.461262e-02
1.538345e-04 2.441024e-02
1.538684e-04 2.416660e-02
1.539024e-04 2.400886e-02
1.539364e-04 2.400187e-02
1.539703e-04 2.413709e-02
1.540043e-04 2.439360e-02
1.540383e-04 2.466635e-02
1.540723e-04 2.471232e-02
1.541063e-04 2.490075e-02
1.541402e-04 2.516513e-02
1.541742e-04 2.485512e-02
1.542082e-04 2.561962e-02
1.542422e-04 2.593369e-02
1.542762e-04 2.609656e-02
1.543102e-04 2.630517e-02
1.543443e-04 2.679254e-02
1.543783e-04 2.650873e-02
1.544123e-04 2.570544e-02
1.544463e-04 2.552243e-02
1.544803e-04 2.590948e-02
1.545144e-04 2.604085e-02
1.545484e-04 2.607250e-02
1.545824e-04 2.608269e-02
1.546165e-04 2.605778e-02
1.546505e-04 2.598584e-02
1.546846e-04 2.601147e-02
1.547186e-04 2.582968e-02
1.547527e-04 2.566234e-02
1.547867e-04 2.580672e-02
1.548208e-04 2.573704e-02
1.548549e-04 2.561869e-02
1.548889e-04 2.553002e-02
1.549230e-04 2.554728e-02
1.549571e-04 2.556099e-02
1.549912e-04 2.547501e-02
1.550253e-04 2.559048e-02
1.550593e-04 2.570130e-02
1.550934e-04 2.573495e-02
1.551275e-04 2.580299e-02
1.551616e-04 2.574785e-02
1.551957e-04 2.577272e-02
1.552298e-04 2.597061e-02
1.552639e-04 2.614146e-02
1.552981e-04 2.627504e-02
1.553322e-04 2.639850e-02
1.553663e-04 2.660091e-02
1.554004e-04 2.682175e-02
1.554345e-04 2.715259e-02
1.554687e-04 2.763727e-02
1.555028e-04 2.793090e-02
1.555370e-04 2.816783e-02
1.555711e-04 2.818592e-02
1.556052e-04 2.818972e-02
1.556394e-04 2.811244e-02
1.556735e-04 2.797316e-02
1.557077e-04 2.798374e-02
1.557419e-04 2.767848e-02
1.557760e-04 2.745369e-02
1.558102e-04 2.724773e-02
1.558444e-04 2.715570e-02
1.558785e-04 2.687346e-02
1.559127e-04 2.659829e-02
1.559469e-04 2.658547e-02
1.559811e-04 2.653522e-02
1.560153e-04 2.625909e-02
1.560495e-04 2.604604e-02
1.560837e-04 2.618359e-02
1.561179e-04 2.680163e-02
1.561521e-04 2.622828e-02
1.561863e-04 2.639353e-02
1.562205e-04 2.630848e-02
1.562547e-04 2.625073e-02
1.562889e-04 2.630368e-02
1.563231e-04 2.631621e-02
1.563573e-04 2.681551e-02
1.563916e-04 2.687283e-02
1.564258e-04 2.688155e-02
1.564600e-04 2.693417e-02
1.564943e-04 2.707460e-02
1.565285e-04 2.703433e-02
1.565627e-04 2.714244e-02
1.565970e-04 2.726482e-02
1.566312e-04 2.730038e-02
1.566655e-04 2.730783e-02
1.566998e-04 2.738822e-02
1.567340e-04 2.739897e-02
1.567683e-04 2.743784e-02
1.568025e-04 2.749774e-02
1.568368e-04 2.758342e-02
1.568711e-04 2.754437e-02
1.569054e-04 2.706291e-02
1.569397e-04 2.794879e-02
1.569739e-04 2.773474e-02
1.570082e-04 2.702481e-02
1.570425e-04 2.596947e-02
1.570768e-04 2.707335e-02
1.571111e-04 2.675380e-02
1.571454e-04 2.608989e-02
1.571797e-04 2.585348e-02
1.572140e-04 2.555039e-02
1.572483e-04 2.509790e-02
1.572826e-04 2.460632e-02
1.573170e-04 2.422524e-02
1.573513e-04 2.417481e-02
1.573856e-04 2.408994e-02
1.574199e-04 2.395343e-02
1.574543e-04 2.417318e-02
1.574886e-04 2.413923e-02
1.575229e-04 2.438232e-02
1.575573e-04 2.419283e-02
1.575916e-04 2.468808e-02
1.576260e-04 2.406859e-02
1.576603e-04 2.434855e-02
1.576947e-04 2.415047e-02
1.577290e-04 2.407796e-02
1.577634e-04 2.413245e-02
1.577977e-04 2.421272e-02
1.578321e-04 2.424260e-02
1.578665e-04 2.414786e-02
1.579009e-04 2.439641e-02
1.579352e-04 2.476308e-02
1.579696e-04 2.488861e-02
1.580040e-04 2.486652e-02
1.580384e-04 2.492183e-02
1.580728e-04 2.496041e-02
1.581072e-04 2.474052e-02
1.581416e-04 2.460242e-02
1.581760e-04 2.468650e-02
1.582104e-04 2.461858e-02
1.582448e-04 2.447401e-02
1.582792e-04 2.452532e-02
1.583136e-04 2.466942e-02
1.583480e-04 2.519701e-02
1.583824e-04 2.535836e-02
1.584168e-04 2.542389e-02
1.584513e-04 2.621680e-02
1.584857e-04 2.631119e-02
1.585201e-04 2.667210e-02
1.585545e-04 2.711752e-02
1.585890e-04 2.730046e-02
1.586234e-04 2.760320e-02
1.586579e-04 2.740287e-02
1.586923e-04 2.734898e-02
1.587268e-04 2.755836e-02
1.587612e-04 2.745398e-02
1.587957e-04 2.701407e-02
1.588301e-04 2.674122e-02
1.588646e-04 2.618267e-02
1.588991e-04 2.559113e-02
1.589335e-04 2.542002e-02
1.589680e-04 2.533433e-02
1.590025e-04 2.509382e-02
1.590369e-04 2.497849e-02
1.590714e-04 2.516015e-02
1.591059e-04 2.496276e-02
1.591404e-04 2.507980e-02
1.591749e-04 2.507587e-02
1.592094e-04 2.497377e-02
1.592439e-04 2.486229e-02
1.592784e-04 2.483560e-02
1.593129e-04 2.462455e-02
1.593474e-04 2.446020e-02
1.593819e-04 2.439469e-02
1.594164e-04 2.403675e-02
1.594509e-04 2.374764e-02
1.594854e-04 2.360635e-02
1.595199e-04 2.356278e-02
1.595545e-04 2.340003e-02
1.595890e-04 2.336813e-02
1.596235e-04 2.358154e-02
1.596580e-04 2.368994e-02
1.596926e-04 2.364764e-02
1.597271e-04 2.378979e-02
1.597616e-04 2.401647e-02
1.597962e-04 2.415822e-02
1.598307e-04 2.423340e-02
1.598653e-04 2.435043e-02
1.598998e-04 2.433013e-02
1.599344e-04 2.408434e-02
1.599689e-04 2.400551e-02
1.600035e-04 2.393795e-02
1.600381e-04 2.380985e-02
1.600726e-04 2.345567e-02
1.601072e-04 2.325753e-02
1.601418e-04 2.304347e-02
1.601763e-04 2.291379e-02
1.602109e-04 2.275933e-02
1.602455e-04 2.270405e-02
1.602801e-04 2.244821e-02
1.603147e-04 2.229624e-02
1.603493e-04 2.256374e-02
1.603839e-04 2.298038e-02
1.604185e-04 2.300520e-02
1.604531e-04 2.312861e-02
1.604877e-04 2.339681e-02
1.605223e-04 2.360602e-02
1.605569e-04 2.357251e-02
1.605915e-04 2.351781e-02
1.606261e-04 2.374302e-02
1.606607e-04 2.374109e-02
1.606953e-04 2.364373e-02
1.607299e-04 2.394430e-02
1.607646e-04 2.397776e-02
1.607992e-04 2.406665e-02
1.608338e-04 2.449662e-02
1.608684e-04 2.491030e-02
1.609031e-04 2.538815e-02
1.609377e-04 2.558914e-02
1.609724e-04 2.585611e-02
1.610070e-04 2.609336e-02
1.610416e-04 2.570142e-02
1.610763e-04 2.512413e-02
1.611109e-04 2.482794e-02
1.611456e-04 2.491759e-02
1.611803e-04 2.507328e-02
1.612149e-04 2.494069e-02
1.612496e-04 2.485352e-02
1.612842e-04 2.467709e-02
1.613189e-04 2.437448e-02
1.613536e-04 2.412951e-02
1.613883e-04 2.400755e-02
1.614229e-04 2.390011e-02
1.614576e-04 2.396862e-02
1.614923e-04 2.407224e-02
1.615270e-04 2.423530e-02
1.615617e-04 2.424964e-02
1.615964e-04 2.427361e-02
1.616310e-04 2.418208e-02
1.616657e-04 2.411292e-02
1.617004e-04 2.403542e-02
1.617351e-04 2.405446e-02
1.617698e-04 2.399951e-02
1.618045e-04 2.390631e-02
1.618393e-04 2.381471e-02
1.618740e-04 2.369496e-02
1.619087e-04 2.378584e-02
1.619434e-04 2.390493e-02
1.619781e-04 2.407937e-02
1.620128e-04 2.428881e-02
1.620476e-04 2.444247e-02
1.620823e-04 2.446659e-02
1.621170e-04 2.434057e-02
1.621517e-04 2.450071e-02
1.621865e-04 2.471106e-02
1.622212e-04 2.464477e-02
1.622560e-04 2.467341e-02
1.622907e-04 2.470778e-02
1.623254e-04 2.470750e-02
1.623602e-04 2.488924e-02
1.623949e-04 2.481717e-02
1.624297e-04 2.459384e-02
1.624644e-04 2.454740e-02
1.624992e-04 2.441965e-02
1.625340e-04 2.444375e-02
1.625687e-04 2.442050e-02
1.626035e-04 2.437640e-02
1.626383e-04 2.452650e-02
1.626730e-04 2.461003e-02
1.627078e-04 2.466283e-02
1.627426e-04 2.467362e-02
1.627774e-04 2.455663e-02
1.628121e-04 2.438327e-02
1.628469e-04 2.441380e-02
1.628817e-04 2.425965e-02
1.629165e-04 2.412097e-02
1.629513e-04 2.412057e-02
1.629861e-04 2.399661e-02
1.630209e-04 2.382478e-02
1.630557e-04 2.380738e-02
1.630905e-04 2.352508e-02
1.631253e-04 2.386013e-02
1.631601e-04 2.359389e-02
1.631949e-04 2.386743e-02
1.632297e-04 2.379282e-02
1.632645e-04 2.377293e-02
1.632993e-04 2.386794e-02
1.633341e-04 2.408966e-02
1.633690e-04 2.393729e-02
1.634038e-04 2.392658e-02
1.634386e-04 2.403743e-02
1.634734e-04 2.364223e-02
1.635083e-04 2.378876e-02
1.635431e-04 2.377163e-02
1.635779e-04 2.363968e-02
1.636128e-04 2.365156e-02
1.636476e-04 2.369270e-02
1.636825e-04 2.361301e-02
1.637173e-04 2.369606e-02
1.637521e-04 2.384232e-02
1.637870e-04 2.422710e-02
1.638218e-04 2.437971e-02
1.638567e-04 2.453541e-02
1.638916e-04 2.516599e-02
1.639264e-04 2.533133e-02
1.639613e-04 2.543676e-02
1.639961e-04 2.554129e-02
1.640310e-04 2.535738e-02
1.640659e-04 2.548954e-02
1.641007e-04 2.540744e-02
1.641356e-04 2.505108e-02
1.641705e-04 2.471896e-02
1.642054e-04 2.437627e-02
1.642403e-04 2.422060e-02
1.642751e-04 2.391155e-02
1.643100e-04 2.345720e-02
1.643449e-04 2.349604e-02
1.643798e-04 2.318939e-02
1.644147e-04 2.336517e-02
1.644496e-04 2.326897e-02
1.644845e-04 2.316217e-02
1.645194e-04 2.308774e-02
1.645543e-04 2.319099e-02
1.645892e-04 2.371753e-02
1.646241e-04 2.380944e-02
1.646590e-04 2.405442e-02
1.646939e-04 2.395626e-02
1.647288e-04 2.400254e-02
1.647637e-04 2.367049e-02
1.647986e-04 2.370215e-02
1.648336e-04 2.354727e-02
1.648685e-04 2.338040e-02
1.649034e-04 2.316127e-02
1.649383e-04 2.316706e-02
1.649733e-04 2.293121e-02
1.650082e-04 2.237736e-02
1.650431e-04 2.268978e-02
1.650780e-04 2.281946e-02
1.651130e-04 2.266547e-02
1.651479e-04 2.279023e-02
1.651829e-04 2.306559e-02
1.652178e-04 2.300360e-02
1.652527e-04 2.301928e-02
1.652877e-04 2.304296e-02
1.653226e-04 2.310721e-02
1.653576e-04 2.298616e-02
1.653925e-04 2.305694e-02
1.654275e-04 2.324349e-02
1.654625e-04 2.317375e-02
1.654974e-04 2.337889e-02
1.655324e-04 2.366547e-02
1.655673e-04 2.368360e-02
1.656023e-04 2.368618e-02
1.656373e-04 2.379339e-02
1.656723e-04 2.389467e-02
1.657072e-04 2.396976e-02
1.657422e-04 2.409233e-02
1.657772e-04 2.364551e-02
1.658122e-04 2.382593e-02
1.658471e-04 2.392293e-02
1.658821e-04 2.407162e-02
1.659171e-04 2.409314e-02
1.659521e-04 2.387096e-02
1.659871e-04 2.366315e-02
1.660221e-04 2.358190e-02
1.660571e-04 2.340084e-02
1.660921e-04 2.319724e-02
1.661271e-04 2.321662e-02
1.661621e-04 2.313229e-02
1.661971e-04 2.306884e-02
1.662321e-04 2.313559e-02
1.662671e-04 2.330529e-02
1.663021e-04 2.328097e-02
1.663371e-04 2.340090e-02
1.663721e-04 2.337553e-02
1.664071e-04 2.330995e-02
1.664421e-04 2.330583e-02
1.664771e-04 2.323168e-02
1.665122e-04 2.289632e-02
1.665472e-04 2.259246e-02
1.665822e-04 2.253736e-02
1.666172e-04 2.251169e-02
1.666523e-04 2.276501e-02
1.666873e-04 2.325393e-02
1.667223e-04 2.354288e-02
1.667574e-04 2.383091e-02
1.667924e-04 2.410556e-02
1.668274e-04 2.413519e-02
1.668625e-04 2.414797e-02
1.668975e-04 2.410921e-02
1.669326e-04 2.419360e-02
1.669676e-04 2.425146e-02
1.670026e-04 2.414922e-02
1.670377e-04 2.410224e-02
1.670727e-04 2.406799e-02
1.671078e-04 2.407483e-02
1.671429e-04 2.402498e-02
1.671779e-04 2.403970e-02
1.672130e-04 2.414505e-02
1.672480e-04 2.419975e-02
1.672831e-04 2.418444e-02
1.673182e-04 2.399136e-02
1.673532e-04 2.381671e-02
1.673883e-04 2.372954e-02
1.674234e-04 2.343642e-02
1.674584e-04 2.321516e-02
1.674935e-04 2.307602e-02
1.675286e-04 2.292756e-02
1.675637e-04 2.282622e-02
1.675987e-04 2.269543e-02
1.676338e-04 2.282347e-02
1.676689e-04 2.285591e-02
1.677040e-04 2.289626e-02
1.677391e-04 2.309838e-02
1.677742e-04 2.338567e-02
1.678093e-04 2.333314e-02
1.678443e-04 2.312222e-02
1.678794e-04 2.382582e-02
1.679145e-04 2.448275e-02
1.679496e-04 2.451585e-02
1.679847e-04 2.458498e-02
1.680198e-04 2.429346e-02
1.680549e-04 2.414597e-02
1.680900e-04 2.394859e-02
1.681251e-04 2.366285e-02
1.681603e-04 2.351958e-02
1.681954e-04 2.338794e-02
1.682305e-04 2.328773e-02
1.682656e-04 2.313440e-02
1.683007e-04 2.270504e-02
1.683358e-04 2.257860e-02
1.683709e-04 2.246616e-02
1.684061e-04 2.235201e-02
1.684412e-04 2.234174e-02
1.684763e-04 2.244852e-02
1.685114e-04 2.240912e-02
1.685466e-04 2.246827e-02
1.685817e-04 2.232581e-02
1.686168e-04 2.258082e-02
1.686519e-04 2.256284e-02
1.686871e-04 2.239041e-02
1.687222e-04 2.240564e-02
1.687574e-04 2.236576e-02
1.687925e-04 2.228458e-02
1.688276e-04 2.235734e-02
1.688628e-04 2.228398e-02
1.688979e-04 2.218181e-02
1.689331e-04 2.225529e-02
1.689682e-04 2.217215e-02
1.690034e-04 2.208515e-02
1.690385e-04 2.228432e-02
1.690737e-04 2.158904e-02
1.691088e-04 2.176506e-02
1.691440e-04 2.187626e-02
1.691791e-04 2.223142e-02
1.692143e-04 2.239534e-02
1.692494e-04 2.237426e-02
1.692846e-04 2.235884e-02
1.693198e-04 2.245728e-02
1.693549e-04 2.218821e-02
1.693901e-04 2.216921e-02
1.694253e-04 2.206312e-02
1.694604e-04 2.216807e-02
1.694956e-04 2.220628e-02
1.695308e-04 2.218514e-02
1.695660e-04 2.223576e-02
1.696011e-04 2.184129e-02
1.696363e-04 2.157187e-02
1.696715e-04 2.147218e-02
1.697067e-04 2.138422e-02
1.697419e-04 2.128524e-02
1.697770e-04 2.159191e-02
1.698122e-04 2.179792e-02
1.698474e-04 2.161653e-02
1.698826e-04 2.181269e-02
1.699178e-04 2.179203e-02
1.699530e-04 2.155776e-02
1.699882e-04 2.143400e-02
1.700234e-04 2.138497e-02
1.700586e-04 2.158695e-02
1.700938e-04 2.132427e-02
1.701290e-04 2.149829e-02
1.701642e-04 2.190013e-02
1.701994e-04 2.179394e-02
1.702346e-04 2.198876e-02
1.702698e-04 2.201873e-02
1.703050e-04 2.223045e-02
1.703402e-04 2.226036e-02
1.703754e-04 2.236064e-02
1.704106e-04 2.198482e-02
1.704458e-04 2.158434e-02
1.704810e-04 2.198512e-02
1.705162e-04 2.214673e-02
1.705515e-04 2.177486e-02
1.705867e-04 2.168601e-02
1.706219e-04 2.149744e-02
1.706571e-04 2.132538e-02
1.706923e-04 2.128862e-02
1.707276e-04 2.123225e-02
1.707628e-04 2.105800e-02
1.707980e-04 2.106299e-02
1.708332e-04 2.087190e-02
1.708685e-04 2.088996e-02
1.709037e-04 2.110978e-02
1.709389e-04 2.121748e-02
1.709742e-04 2.131980e-02
1.710094e-04 2.142745e-02
1.710446e-04 2.154545e-02
1.710799e-04 2.143277e-02
1.711151e-04 2.148312e-02
1.711504e-04 2.146967e-02
1.711856e-04 2.138077e-02
1.712208e-04 2.142318e-02
1.712561e-04 2.133003e-02
1.712913e-04 2.113527e-02
1.713266e-04 2.109326e-02
1.713618e-04 2.079883e-02
1.713971e-04 2.058167e-02
1.714323e-04 2.057533e-02
1.714676e-04 2.065336e-02
1.715028e-04 2.066199e-02
1.715381e-04 2.109032e-02
1.715733e-04 2.094269e-02
1.716086e-04 2.125017e-02
1.716438e-04 2.127352e-02
1.716791e-04 2.141558e-02
1.717144e-04 2.162834e-02
1.717496e-04 2.168445e-02
1.717849e-04 2.187421e-02
1.718202e-04 2.183219e-02
1.718554e-04 2.187873e-02
1.718907e-04 2.184144e-02
1.719260e-04 2.177836e-02
1.719612e-04 2.164157e-02
1.719965e-04 2.143928e-02
1.720318e-04 2.098780e-02
1.720670e-04 2.036057e-02
1.721023e-04 2.016806e-02
1.721376e-04 2.001687e-02
1.721729e-04 2.013975e-02
1.722081e-04 2.029856e-02
1.722434e-04 2.019799e-02
1.722787e-04 2.016508e-02
1.723140e-04 1.989191e-02
1.723493e-04 1.964885e-02
1.723845e-04 1.940764e-02
1.724198e-04 1.900627e-02
1.724551e-04 1.912716e-02
1.724904e-04 1.957432e-02
1.725257e-04 1.987042e-02
1.725610e-04 2.022073e-02
1.725963e-04 2.071443e-02
1.726316e-04 2.100289e-02
1.726669e-04 2.109598e-02
1.727022e-04 2.118698e-02
1.727374e-04 2.106322e-02
1.727727e-04 2.102572e-02
1.728080e-04 2.083301e-02
1.728433e-04 2.059544e-02
1.728786e-04 2.056773e-02
1.729139e-04 2.061472e-02
1.729492e-04 2.077286e-02
1.729845e-04 2.086591e-02
1.730198e-04 2.081125e-02
1.730552e-04 2.055141e-02
1.730905e-04 1.985876e-02
1.731258e-04 1.960061e-02
1.731611e-04 1.941214e-02
1.731964e-04 1.907895e-02
1.732317e-04 1.919922e-02
1.732670e-04 1.953009e-02
1.733023e-04 2.000712e-02
1.733376e-04 2.058694e-02
1.733729e-04 2.106140e-02
1.734083e-04 2.152546e-02
1.734436e-04 2.171406e-02
1.734789e-04 2.154581e-02
1.735142e-04 2.116871e-02
1.735495e-04 2.071817e-02
1.735848e-04 2.020486e-02
1.736202e-04 1.977828e-02
1.736555e-04 1.969714e-02
1.736908e-04 1.997561e-02
1.737261e-04 2.034575e-02
1.737615e-04 2.066382e-02
1.737968e-04 2.090101e-02
1.738321e-04 2.085894e-02
1.738674e-04 2.058148e-02
1.739028e-04 2.028636e-02
1.739381e-04 1.987627e-02
1.739734e-04 1.930899e-02
1.740088e-04 1.884258e-02
1.740441e-04 1.847054e-02
1.740794e-04 1.796486e-02
1.741148e-04 1.774680e-02
1.741501e-04 1.804860e-02
1.741854e-04 1.845281e-02
1.742208e-04 1.890105e-02
1.742561e-04 1.925532e-02
1.742915e-04 1.960426e-02
1.743268e-04 1.955088e-02
1.743621e-04 1.922813e-02
1.743975e-04 1.904292e-02
1.744328e-04 1.890772e-02
1.744682e-04 1.872157e-02
1.745035e-04 1.856805e-02
1.745389e-04 1.835125e-02
1.745742e-04 1.791450e-02
1.746096e-04 1.712348e-02
1.746449e-04 1.627201e-02
1.746802e-04 1.562752e-02
1.747156e-04 1.560099e-02
1.747509e-04 1.600346e-02
1.747863e-04 1.655857e-02
1.748217e-04 1.744309e-02
1.748570e-04 1.829902e-02
1.748924e-04 1.883550e-02
1.749277e-04 1.929907e-02
1.749631e-04 1.935290e-02
1.749984e-04 1.928607e-02
1.750338e-04 1.918794e-02
1.750691e-04 1.886812e-02
1.751045e-04 1.857851e-02
1.751399e-04 1.838949e-02
1.751752e-04 1.853122e-02
1.752106e-04 1.870485e-02
1.752459e-04 1.894839e-02
1.752813e-04 1.917735e-02
1.753167e-04 1.928440e-02
1.753520e-04 1.931555e-02
1.753874e-04 1.917595e-02
1.754228e-04 1.869277e-02
1.754581e-04 1.810850e-02
1.754935e-04 1.759829e-02
1.755289e-04 1.732519e-02
1.755642e-04 1.706902e-02
1.755996e-04 1.691958e-02
1.756350e-04 1.652773e-02
1.756703e-04 1.635049e-02
1.757057e-04 1.627328e-02
1.757411e-04 1.652805e-02
1.757765e-04 1.692845e-02
1.758118e-04 1.756491e-02
1.758472e-04 1.815194e-02
1.758826e-04 1.871149e-02
1.759180e-04 1.897206e-02
1.759533e-04 1.898883e-02
1.759887e-04 1.881018e-02
1.760241e-04 1.863343e-02
1.760595e-04 1.813487e-02
1.760948e-04 1.790580e-02
1.761302e-04 1.770285e-02
1.761656e-04 1.752721e-02
1.762010e-04 1.719506e-02
1.762364e-04 1.712954e-02
1.762717e-04 1.741893e-02
1.763071e-04 1.745203e-02
1.763425e-04 1.755672e-02
1.763779e-04 1.782857e-02
1.764133e-04 1.792757e-02
1.764487e-04 1.753270e-02
1.764840e-04 1.684695e-02
1.765194e-04 1.589225e-02
1.765548e-04 1.507180e-02
1.765902e-04 1.467992e-02
1.766256e-04 1.471833e-02
1.766610e-04 1.406442e-02
1.766964e-04 1.577682e-02
1.767318e-04 1.645827e-02
1.767672e-04 1.697057e-02
1.768025e-04 1.706486e-02
1.768379e-04 1.695544e-02
1.768733e-04 1.665982e-02
1.769087e-04 1.626504e-02
1.769441e-04 1.578975e-02
1.769795e-04 1.557845e-02
1.770149e-04 1.544174e-02
1.770503e-04 1.551734e-02
1.770857e-04 1.572772e-02
1.771211e-04 1.609379e-02
1.771565e-04 1.643078e-02
1.771919e-04 1.663465e-02
1.772273e-04 1.683826e-02
1.772627e-04 1.658183e-02
1.772981e-04 1.618448e-02
1.773335e-04 1.557125e-02
1.773689e-04 1.478580e-02
1.774043e-04 1.429787e-02
1.774397e-04 1.404028e-02
1.774751e-04 1.371783e-02
1.775105e-04 1.339645e-02
1.775459e-04 1.314403e-02
1.775813e-04 1.322031e-02
1.776167e-04 1.323128e-02
1.776521e-04 1.343384e-02
1.776875e-04 1.368337e-02
1.777229e-04 1.362528e-02
1.777583e-04 1.410958e-02
1.777937e-04 1.413339e-02
1.778291e-04 1.366816e-02
1.778645e-04 1.346356e-02
1.778999e-04 1.372030e-02
1.779353e-04 1.402576e-02
1.779707e-04 1.456696e-02
1.780061e-04 1.484630e-02
1.780415e-04 1.542278e-02
1.780769e-04 1.515050e-02
1.781123e-04 1.515041e-02
1.781477e-04 1.509719e-02
1.781832e-04 1.567283e-02
1.782186e-04 1.606134e-02
1.782540e-04 1.670844e-02
1.782894e-04 1.753441e-02
1.783248e-04 1.755238e-02
1.783602e-04 1.738461e-02
1.783956e-04 1.674427e-02
1.784310e-04 1.582263e-02
1.784664e-04 1.514290e-02
1.785018e-04 1.496414e-02
1.785372e-04 1.503298e-02
1.785727e-04 1.537143e-02
1.786081e-04 1.605139e-02
1.786435e-04 1.714877e-02
1.786789e-04 1.789243e-02
1.787143e-04 1.881768e-02
1.787497e-04 2.021427e-02
1.787851e-04 2.149969e-02
1.788206e-04 2.266079e-02
1.788560e-04 2.319345e-02
1.788914e-04 2.452090e-02
1.789268e-04 2.518596e-02
1.789622e-04 2.554656e-02
1.789976e-04 2.514029e-02
1.790330e-04 2.487554e-02
1.790685e-04 2.446416e-02
1.791039e-04 2.404605e-02
1.791393e-04 2.343873e-02
1.791747e-04 2.359992e-02
1.792101e-04 2.387624e-02
1.792455e-04 2.435441e-02
1.792810e-04 2.443470e-02
1.793164e-04 2.488992e-02
1.793518e-04 2.513505e-02
1.793872e-04 2.574906e-02
1.794226e-04 2.686386e-02
1.794580e-04 2.791509e-02
1.794935e-04 2.948893e-02
1.795289e-04 3.058444e-02
1.795643e-04 3.151920e-02
1.795997e-04 3.204079e-02
1.796351e-04 3.305084e-02
1.796705e-04 3.454090e-02
1.797060e-04 3.574865e-02
1.797414e-04 3.720352e-02
1.797768e-04 3.921799e-02
1.798122e-04 4.133329e-02
1.798476e-04 4.253697e-02
1.798831e-04 4.383170e-02
1.799185e-04 4.497254e-02
1.799539e-04 4.495565e-02
1.799893e-04 4.499752e-02
1.800247e-04 4.541227e-02
1.800602e-04 4.578127e-02
1.800956e-04 4.655738e-02
1.801310e-04 4.710985e-02
1.801664e-04 4.807414e-02
1.802018e-04 5.009419e-02
1.802373e-04 5.201480e-02
1.802727e-04 5.474372e-02
1.803081e-04 5.755647e-02
1.803435e-04 5.991783e-02
1.803789e-04 6.355750e-02
1.804144e-04 6.738189e-02
1.804498e-04 7.049812e-02
1.804852e-04 7.346190e-02
1.805206e-04 7.610000e-02
1.805560e-04 7.853369e-02
1.805915e-04 8.215651e-02
1.806269e-04 8.524093e-02
1.806623e-04 8.796486e-02
1.806977e-04 9.206615e-02
1.807331e-04 9.560554e-02
1.807686e-04 1.004463e-01
1.808040e-04 1.059100e-01
1.808394e-04 1.097687e-01
1.808748e-04 1.141497e-01
1.809102e-04 1.188416e-01
1.809457e-04 1.220028e-01
1.809811e-04 1.253923e-01
1.810165e-04 1.268428e-01
1.810519e-04 1.240551e-01
1.810874e-04 1.269772e-01
1.811228e-04 2.517175e-01
1.811582e-04 2.663332e-01
1.811936e-04 1.261517e-01
1.812290e-04 1.236822e-01
1.812645e-04 1.246006e-01
1.812999e-04 1.245746e-01
1.813353e-04 1.248438e-01
1.813707e-04 1.236779e-01
1.814061e-04 1.232451e-01
1.814416e-04 1.230257e-01
1.814770e-04 1.233387e-01
1.815124e-04 1.227735e-01
1.815478e-04 1.213579e-01
1.815832e-04 1.227647e-01
1.816186e-04 1.168610e-01
1.816541e-04 1.055017e-01
1.816895e-04 1.105454e-01
1.817249e-04 1.217506e-01
1.817603e-04 1.226992e-01
1.817957e-04 1.209670e-01
1.818312e-04 1.217467e-01
1.818666e-04 1.233519e-01
1.819020e-04 1.233695e-01
1.819374e-04 1.233075e-01
1.819728e-04 1.234436e-01
1.820082e-04 1.231830e-01
1.820437e-04 1.229468e-01
1.820791e-04 1.222335e-01
1.821145e-04 1.210806e-01
1.821499e-04 1.208228e-01
1.821853e-04 1.217413e-01
1.822207e-04 1.223578e-01
1.822562e-04 1.204365e-01
1.822916e-04 1.205644e-01
1.823270e-04 1.206518e-01
1.823624e-04 1.195444e-01
1.823978e-04 1.238244e-01
1.824332e-04 1.239396e-01
1.824687e-04 1.254693e-01
1.825041e-04 1.254434e-01
1.825395e-04 1.240935e-01
1.825749e-04 1.248024e-01
1.826103e-04 1.215235e-01
1.826457e-04 1.220107e-01
1.826811e-04 1.239242e-01
1.827165e-04 1.236090e-01
1.827520e-04 1.220720e-01
1.827874e-04 1.203090e-01
1.828228e-04 1.215698e-01
1.828582e-04 1.225650e-01
1.828936e-04 1.246700e-01
1.829290e-04 1.247235e-01
1.829644e-04 1.244349e-01
1.829998e-04 1.260348e-01
1.830352e-04 1.269663e-01
1.830707e-04 1.266647e-01
1.831061e-04 1.301196e-01
1.831415e-04 1.307522e-01
1.831769e-04 1.313745e-01
1.832123e-04 1.347306e-01
1.832477e-04 1.368950e-01
1.832831e-04 1.388669e-01
1.833185e-04 1.397134e-01
1.833539e-04 1.389830e-01
1.833893e-04 1.378923e-01
1.834247e-04 1.377368e-01
1.834601e-04 1.372552e-01
1.834955e-04 1.401361e-01
1.835310e-04 1.378521e-01
1.835664e-04 1.387385e-01
1.836018e-04 1.388129e-01
1.836372e-04 1.380581e-01
1.836726e-04 1.401241e-01
1.837080e-04 1.423347e-01
1.837434e-04 1.450488e-01
1.837788e-04 1.496545e-01
1.838142e-04 1.498352e-01
1.838496e-04 1.513484e-01
1.838850e-04 1.503384e-01
1.839204e-04 1.477606e-01
1.839558e-04 1.492814e-01
1.839912e-04 1.518387e-01
1.840266e-04 1.491725e-01
1.840620e-04 1.537503e-01
1.840974e-04 1.586145e-01
