1.027909e-04 1.421397e-02
1.028121e-04 1.421578e-02
1.028334e-04 1.423594e-02
1.028547e-04 1.427586e-02
1.028760e-04 1.431792e-02
1.028972e-04 1.435338e-02
1.029185e-04 1.438042e-02
1.029398e-04 1.431887e-02
1.029611e-04 1.434419e-02
1.029824e-04 1.438864e-02
1.030037e-04 1.439906e-02
1.030251e-04 1.436802e-02
1.030464e-04 1.448297e-02
1.030677e-04 1.456560e-02
1.030890e-04 1.464003e-02
1.031104e-04 1.461933e-02
1.031317e-04 1.463380e-02
1.031530e-04 1.476033e-02
1.031744e-04 1.475605e-02
1.031957e-04 1.481242e-02
1.032171e-04 1.474106e-02
1.032385e-04 1.484403e-02
1.032598e-04 1.478161e-02
1.032812e-04 1.474160e-02
1.033026e-04 1.475057e-02
1.033239e-04 1.466768e-02
1.033453e-04 1.474798e-02
1.033667e-04 1.480463e-02
1.033881e-04 1.478494e-02
1.034095e-04 1.480253e-02
1.034309e-04 1.488176e-02
1.034523e-04 1.473335e-02
1.034737e-04 1.481428e-02
1.034951e-04 1.508948e-02
1.035165e-04 1.518093e-02
1.035380e-04 1.536773e-02
1.035594e-04 1.597953e-02
1.035808e-04 1.509249e-02
1.036023e-04 1.511986e-02
1.036237e-04 1.517858e-02
1.036451e-04 1.515472e-02
1.036666e-04 1.504323e-02
1.036881e-04 1.490951e-02
1.037095e-04 1.480736e-02
1.037310e-04 1.471412e-02
1.037524e-04 1.480650e-02
1.037739e-04 1.645483e-02
1.037954e-04 1.455766e-02
1.038169e-04 1.462949e-02
1.038384e-04 1.462098e-02
1.038598e-04 1.472734e-02
1.038813e-04 1.475284e-02
1.039028e-04 1.487191e-02
1.039243e-04 1.495510e-02
1.039458e-04 1.508268e-02
1.039674e-04 1.520970e-02
1.039889e-04 1.523905e-02
1.040104e-04 1.535665e-02
1.040319e-04 1.543439e-02
1.040534e-04 1.538230e-02
1.040750e-04 1.535425e-02
1.040965e-04 1.534314e-02
1.041181e-04 1.523023e-02
1.041396e-04 1.520638e-02
1.041611e-04 1.505692e-02
1.041827e-04 1.489631e-02
1.042043e-04 1.498251e-02
1.042258e-04 1.494092e-02
1.042474e-04 1.485525e-02
1.042690e-04 1.483249e-02
1.042905e-04 1.486248e-02
1.043121e-04 1.484221e-02
1.043337e-04 1.491066e-02
1.043553e-04 1.486129e-02
1.043769e-04 1.483493e-02
1.043985e-04 1.487521e-02
1.044201e-04 1.474843e-02
1.044417e-04 1.492328e-02
1.044633e-04 1.502401e-02
1.044849e-04 1.747447e-02
1.045065e-04 1.547208e-02
1.045281e-04 1.498281e-02
1.045498e-04 1.507629e-02
1.045714e-04 1.515478e-02
1.045930e-04 1.514527e-02
1.046147e-04 1.517204e-02
1.046363e-04 1.517902e-02
1.046580e-04 1.521392e-02
1.046796e-04 1.520431e-02
1.047013e-04 1.509105e-02
1.047229e-04 1.502669e-02
1.047446e-04 1.496701e-02
1.047662e-04 1.502111e-02
1.047879e-04 1.478090e-02
1.048096e-04 1.501000e-02
1.048313e-04 1.509679e-02
1.048529e-04 1.516421e-02
1.048746e-04 1.519420e-02
1.048963e-04 1.596488e-02
1.049180e-04 1.560350e-02
1.049397e-04 1.511766e-02
1.049614e-04 1.503551e-02
1.049831e-04 1.524692e-02
1.050048e-04 1.526086e-02
1.050266e-04 1.513687e-02
1.050483e-04 1.505264e-02
1.050700e-04 1.501785e-02
1.050917e-04 1.498735e-02
1.051135e-04 1.496927e-02
1.051352e-04 1.483380e-02
1.051569e-04 1.480390e-02
1.051787e-04 1.490227e-02
1.052004e-04 1.485001e-02
1.052222e-04 1.487355e-02
1.052439e-04 1.482030e-02
1.052657e-04 1.481456e-02
1.052874e-04 1.484266e-02
1.053092e-04 1.478813e-02
1.053310e-04 1.473154e-02
1.053528e-04 1.468179e-02
1.053745e-04 1.470979e-02
1.053963e-04 1.472989e-02
1.054181e-04 1.479670e-02
1.054399e-04 1.485828e-02
1.054617e-04 1.490952e-02
1.054835e-04 1.494481e-02
1.055053e-04 1.493620e-02
1.055271e-04 1.496738e-02
1.055489e-04 1.499754e-02
1.055707e-04 1.498533e-02
1.055925e-04 1.510984e-02
1.056143e-04 1.521716e-02
1.056362e-04 1.519381e-02
1.056580e-04 1.514235e-02
1.056798e-04 1.500561e-02
1.057017e-04 1.497150e-02
1.057235e-04 1.491926e-02
1.057454e-04 1.484878e-02
1.057672e-04 1.484467e-02
1.057890e-04 1.477766e-02
1.058109e-04 1.475520e-02
1.058328e-04 1.476448e-02
1.058546e-04 1.481638e-02
1.058765e-04 1.483026e-02
1.058984e-04 1.485202e-02
1.059202e-04 1.495744e-02
1.059421e-04 1.502033e-02
1.059640e-04 1.497580e-02
1.059859e-04 1.497388e-02
1.060078e-04 1.515594e-02
1.060297e-04 1.589327e-02
1.060516e-04 1.623416e-02
1.060735e-04 1.526994e-02
1.060954e-04 1.523821e-02
1.061173e-04 1.524892e-02
1.061392e-04 1.535617e-02
1.061611e-04 1.537415e-02
1.061830e-04 1.554385e-02
1.062049e-04 1.550329e-02
1.062268e-04 1.529269e-02
1.062488e-04 1.572776e-02
1.062707e-04 1.706058e-02
1.062926e-04 1.517030e-02
1.063146e-04 1.513091e-02
1.063365e-04 1.515569e-02
1.063585e-04 1.517343e-02
1.063804e-04 1.518990e-02
1.064024e-04 1.530365e-02
1.064243e-04 1.532952e-02
1.064463e-04 1.531579e-02
1.064683e-04 1.538774e-02
1.064902e-04 1.539457e-02
1.065122e-04 1.529648e-02
1.065342e-04 1.519819e-02
1.065562e-04 1.555934e-02
1.065781e-04 1.541282e-02
1.066001e-04 1.518321e-02
1.066221e-04 1.504248e-02
1.066441e-04 1.554267e-02
1.066661e-04 1.552071e-02
1.066881e-04 1.546249e-02
1.067101e-04 1.559954e-02
1.067321e-04 1.555065e-02
1.067541e-04 1.546105e-02
1.067761e-04 1.540529e-02
1.067981e-04 1.536191e-02
1.068202e-04 1.536920e-02
1.068422e-04 1.534609e-02
1.068642e-04 1.531468e-02
1.068862e-04 1.533970e-02
1.069083e-04 1.535582e-02
1.069303e-04 1.542785e-02
1.069524e-04 1.535682e-02
1.069744e-04 1.550700e-02
1.069965e-04 1.515506e-02
1.070185e-04 1.544354e-02
1.070406e-04 1.541947e-02
1.070626e-04 1.539465e-02
1.070847e-04 1.530959e-02
1.071067e-04 1.532669e-02
1.071288e-04 1.528415e-02
1.071509e-04 1.532743e-02
1.071730e-04 1.521708e-02
1.071950e-04 1.517577e-02
1.072171e-04 1.510999e-02
1.072392e-04 1.510412e-02
1.072613e-04 1.512500e-02
1.072834e-04 1.517403e-02
1.073055e-04 1.514993e-02
1.073276e-04 1.499489e-02
1.073497e-04 1.508453e-02
1.073718e-04 1.504726e-02
1.073939e-04 1.486294e-02
1.074160e-04 1.488371e-02
1.074381e-04 1.483363e-02
1.074602e-04 1.499889e-02
1.074824e-04 1.501711e-02
1.075045e-04 1.492042e-02
1.075266e-04 1.513930e-02
1.075487e-04 1.499470e-02
1.075709e-04 1.498716e-02
1.075930e-04 1.508725e-02
1.076151e-04 1.496192e-02
1.076373e-04 1.503609e-02
1.076594e-04 1.468356e-02
1.076816e-04 1.462524e-02
1.077037e-04 1.483822e-02
1.077259e-04 1.495502e-02
1.077481e-04 1.492450e-02
1.077702e-04 1.499955e-02
1.077924e-04 1.508107e-02
1.078146e-04 1.502379e-02
1.078367e-04 1.506063e-02
1.078589e-04 1.525109e-02
1.078811e-04 1.504104e-02
1.079033e-04 1.500987e-02
1.079254e-04 1.503645e-02
1.079476e-04 1.496979e-02
1.079698e-04 1.497886e-02
1.079920e-04 1.493333e-02
1.080142e-04 1.495292e-02
1.080364e-04 1.495556e-02
1.080586e-04 1.502274e-02
1.080808e-04 1.496935e-02
1.081030e-04 1.500529e-02
1.081252e-04 1.518132e-02
1.081475e-04 1.527973e-02
1.081697e-04 1.529419e-02
1.081919e-04 1.533742e-02
1.082141e-04 1.536285e-02
1.082363e-04 1.529704e-02
1.082586e-04 1.525131e-02
1.082808e-04 1.518843e-02
1.083030e-04 1.521223e-02
1.083253e-04 1.517544e-02
1.083475e-04 1.525053e-02
1.083698e-04 1.538197e-02
1.083920e-04 1.544833e-02
1.084143e-04 1.546427e-02
1.084365e-04 1.553392e-02
1.084588e-04 1.537199e-02
1.084810e-04 1.523100e-02
1.085033e-04 1.538647e-02
1.085256e-04 1.533667e-02
1.085478e-04 1.523491e-02
1.085701e-04 1.507007e-02
1.085924e-04 1.516960e-02
1.086147e-04 1.529133e-02
1.086370e-04 1.546469e-02
1.086592e-04 1.549903e-02
1.086815e-04 1.560556e-02
1.087038e-04 1.545781e-02
1.087261e-04 1.547776e-02
1.087484e-04 1.558833e-02
1.087707e-04 1.573132e-02
1.087930e-04 1.555647e-02
1.088153e-04 1.551936e-02
1.088376e-04 1.551180e-02
1.088599e-04 1.545629e-02
1.088822e-04 1.530265e-02
1.089045e-04 1.528299e-02
1.089269e-04 1.529147e-02
1.089492e-04 1.516245e-02
1.089715e-04 1.506494e-02
1.089938e-04 1.498099e-02
1.090162e-04 1.491593e-02
1.090385e-04 1.508013e-02
1.090608e-04 1.516801e-02
1.090832e-04 1.504205e-02
1.091055e-04 1.488375e-02
1.091279e-04 1.472044e-02
1.091502e-04 1.450184e-02
1.091725e-04 1.418866e-02
1.091949e-04 1.366486e-02
1.092173e-04 1.322776e-02
1.092396e-04 1.310167e-02
1.092620e-04 1.322685e-02
1.092843e-04 1.321710e-02
1.093067e-04 1.304861e-02
1.093291e-04 1.279690e-02
1.093514e-04 1.267533e-02
1.093738e-04 1.267235e-02
1.093962e-04 1.281094e-02
1.094186e-04 1.296593e-02
1.094409e-04 1.311750e-02
1.094633e-04 1.340966e-02
1.094857e-04 1.366254e-02
1.095081e-04 1.376133e-02
1.095305e-04 1.375121e-02
1.095529e-04 1.379964e-02
1.095753e-04 1.397162e-02
1.095977e-04 1.421250e-02
1.096201e-04 1.447531e-02
1.096425e-04 1.464326e-02
1.096649e-04 1.458757e-02
1.096873e-04 1.442374e-02
1.097097e-04 1.422170e-02
1.097321e-04 1.409059e-02
1.097545e-04 1.409330e-02
1.097770e-04 1.415060e-02
1.097994e-04 1.425275e-02
1.098218e-04 1.425436e-02
1.098442e-04 1.413683e-02
1.098667e-04 1.398801e-02
1.098891e-04 1.386240e-02
1.099115e-04 1.376909e-02
1.099340e-04 1.372766e-02
1.099564e-04 1.443586e-02
1.099789e-04 1.481991e-02
1.100013e-04 1.388235e-02
1.100238e-04 1.379877e-02
1.100462e-04 1.385506e-02
1.100687e-04 1.386839e-02
1.100911e-04 1.378959e-02
1.101136e-04 1.376051e-02
1.101360e-04 1.359776e-02
1.101585e-04 1.335467e-02
1.101810e-04 1.328395e-02
1.102034e-04 1.331762e-02
1.102259e-04 1.336801e-02
1.102484e-04 1.343368e-02
1.102708e-04 1.351283e-02
1.102933e-04 1.420822e-02
1.103158e-04 1.471835e-02
1.103383e-04 1.346062e-02
1.103608e-04 1.321916e-02
1.103833e-04 1.306004e-02
1.104057e-04 1.309480e-02
1.104282e-04 1.325048e-02
1.104507e-04 1.330722e-02
1.104732e-04 1.322877e-02
1.104957e-04 1.304212e-02
1.105182e-04 1.271725e-02
1.105407e-04 1.255400e-02
1.105632e-04 1.237157e-02
1.105857e-04 1.232939e-02
1.106082e-04 1.253199e-02
1.106308e-04 1.282722e-02
1.106533e-04 1.311834e-02
1.106758e-04 1.308146e-02
1.106983e-04 1.293480e-02
1.107208e-04 1.258127e-02
1.107434e-04 1.223770e-02
1.107659e-04 1.185754e-02
1.107884e-04 1.190784e-02
1.108109e-04 1.196723e-02
1.108335e-04 1.222600e-02
1.108560e-04 1.234222e-02
1.108785e-04 1.276680e-02
1.109011e-04 1.241530e-02
1.109236e-04 1.246283e-02
1.109462e-04 1.231977e-02
1.109687e-04 1.223929e-02
1.109913e-04 1.189921e-02
1.110138e-04 1.151186e-02
1.110364e-04 1.126509e-02
1.110589e-04 1.116892e-02
1.110815e-04 1.116102e-02
1.111040e-04 1.124973e-02
1.111266e-04 1.152395e-02
1.111492e-04 1.169922e-02
1.111717e-04 1.160259e-02
1.111943e-04 1.119951e-02
1.112169e-04 1.075704e-02
1.112394e-04 1.006337e-02
1.112620e-04 9.580033e-03
1.112846e-04 9.267084e-03
1.113072e-04 9.251399e-03
1.113298e-04 9.581727e-03
1.113523e-04 9.937209e-03
1.113749e-04 1.046753e-02
1.113975e-04 1.044274e-02
1.114201e-04 1.021079e-02
1.114427e-04 9.686475e-03
1.114653e-04 9.077084e-03
1.114879e-04 8.975704e-03
1.115105e-04 8.874070e-03
1.115331e-04 8.779101e-03
1.115557e-04 8.320859e-03
1.115783e-04 7.767468e-03
1.116009e-04 7.204955e-03
1.116235e-04 7.011171e-03
1.116461e-04 7.152446e-03
1.116687e-04 7.603779e-03
1.116913e-04 8.063019e-03
1.117139e-04 8.574383e-03
1.117366e-04 8.907342e-03
1.117592e-04 8.532080e-03
1.117818e-04 8.458158e-03
1.118044e-04 8.163754e-03
1.118270e-04 7.829393e-03
1.118497e-04 7.480725e-03
1.118723e-04 7.268944e-03
1.118949e-04 7.303793e-03
1.119176e-04 7.505327e-03
1.119402e-04 7.576208e-03
1.119628e-04 7.528525e-03
1.119855e-04 7.603329e-03
1.120081e-04 7.967326e-03
1.120308e-04 8.313395e-03
1.120534e-04 8.393451e-03
1.120760e-04 8.153682e-03
1.120987e-04 7.765839e-03
1.121213e-04 7.206918e-03
1.121440e-04 6.740287e-03
1.121667e-04 6.360599e-03
1.121893e-04 6.177394e-03
1.122120e-04 6.295060e-03
1.122346e-04 6.733709e-03
1.122573e-04 7.077994e-03
1.122799e-04 7.462060e-03
1.123026e-04 7.523535e-03
1.123253e-04 7.406638e-03
1.123479e-04 7.549018e-03
1.123706e-04 7.872555e-03
1.123933e-04 8.168034e-03
1.124160e-04 8.145496e-03
1.124386e-04 7.772843e-03
1.124613e-04 7.220476e-03
1.124840e-04 6.662703e-03
1.125067e-04 6.303390e-03
1.125294e-04 6.268664e-03
1.125520e-04 6.468656e-03
1.125747e-04 6.797357e-03
1.125974e-04 7.150772e-03
1.126201e-04 7.489026e-03
1.126428e-04 7.612043e-03
1.126655e-04 7.731014e-03
1.126882e-04 7.243240e-03
1.127109e-04 6.786376e-03
1.127336e-04 6.685926e-03
1.127563e-04 6.786870e-03
1.127790e-04 6.948357e-03
1.128017e-04 6.983663e-03
1.128244e-04 6.903075e-03
1.128471e-04 6.800138e-03
1.128698e-04 6.669152e-03
1.128925e-04 6.551063e-03
1.129152e-04 6.478579e-03
1.129379e-04 6.538435e-03
1.129606e-04 6.889615e-03
1.129834e-04 7.492455e-03
1.130061e-04 8.228118e-03
1.130288e-04 8.872874e-03
1.130515e-04 9.272097e-03
1.130742e-04 9.438969e-03
1.130970e-04 9.445397e-03
1.131197e-04 9.392616e-03
1.131424e-04 9.207443e-03
1.131651e-04 8.882548e-03
1.131879e-04 8.514810e-03
1.132106e-04 8.183080e-03
1.132333e-04 7.881626e-03
1.132561e-04 7.447817e-03
1.132788e-04 6.915510e-03
1.133015e-04 6.439058e-03
1.133243e-04 6.060967e-03
1.133470e-04 5.852666e-03
1.133698e-04 5.611827e-03
1.133925e-04 5.347326e-03
1.134153e-04 5.217532e-03
1.134380e-04 5.239401e-03
1.134607e-04 5.476934e-03
1.134835e-04 5.855164e-03
1.135062e-04 6.284954e-03
1.135290e-04 6.649036e-03
1.135518e-04 6.898853e-03
1.135745e-04 7.218627e-03
1.135973e-04 7.666273e-03
1.136200e-04 8.396795e-03
1.136428e-04 9.025474e-03
1.136655e-04 9.220972e-03
1.136883e-04 9.101745e-03
1.137111e-04 8.901863e-03
1.137338e-04 8.824941e-03
1.137566e-04 8.779565e-03
1.137794e-04 8.701934e-03
1.138021e-04 8.762791e-03
1.138249e-04 9.016743e-03
1.138477e-04 9.515920e-03
1.138705e-04 9.886335e-03
1.138932e-04 9.852833e-03
1.139160e-04 9.564455e-03
1.139388e-04 9.184124e-03
1.139616e-04 8.963189e-03
1.139843e-04 8.875138e-03
1.140071e-04 8.856250e-03
1.140299e-04 8.686877e-03
1.140527e-04 8.482285e-03
1.140755e-04 8.339342e-03
1.140983e-04 8.532140e-03
1.141211e-04 8.693012e-03
1.141438e-04 8.875927e-03
1.141666e-04 9.103334e-03
1.141894e-04 9.249871e-03
1.142122e-04 9.514167e-03
1.142350e-04 9.682876e-03
1.142578e-04 9.740953e-03
1.142806e-04 9.621382e-03
1.143034e-04 9.320981e-03
1.143262e-04 8.677341e-03
1.143490e-04 8.156622e-03
1.143718e-04 8.439564e-03
1.143946e-04 7.300616e-03
1.144174e-04 7.268740e-03
1.144402e-04 7.437088e-03
1.144630e-04 7.456071e-03
1.144858e-04 7.565239e-03
1.145086e-04 7.545066e-03
1.145314e-04 7.605787e-03
1.145543e-04 7.568192e-03
1.145771e-04 7.414251e-03
1.145999e-04 7.179312e-03
1.146227e-04 6.880627e-03
1.146455e-04 6.770470e-03
1.146683e-04 6.833495e-03
1.146911e-04 7.103245e-03
1.147140e-04 7.769035e-03
1.147368e-04 8.446700e-03
1.147596e-04 9.129382e-03
1.147824e-04 9.434273e-03
1.148052e-04 9.384350e-03
1.148281e-04 9.021811e-03
1.148509e-04 8.837448e-03
1.148737e-04 8.656084e-03
1.148965e-04 8.371786e-03
1.149194e-04 7.928078e-03
1.149422e-04 7.766280e-03
1.149650e-04 7.890132e-03
1.149879e-04 8.284683e-03
1.150107e-04 8.672200e-03
1.150335e-04 8.910305e-03
1.150564e-04 8.912200e-03
1.150792e-04 8.940940e-03
1.151020e-04 9.024003e-03
1.151249e-04 8.913475e-03
1.151477e-04 8.609067e-03
1.151706e-04 8.375320e-03
1.151934e-04 8.301684e-03
1.152162e-04 8.353217e-03
1.152391e-04 8.665999e-03
1.152619e-04 1.151755e-02
1.152848e-04 9.193452e-03
1.153076e-04 8.845404e-03
1.153305e-04 8.507041e-03
1.153533e-04 8.275688e-03
1.153762e-04 8.305860e-03
1.153990e-04 8.595093e-03
1.154218e-04 8.973595e-03
1.154447e-04 9.301324e-03
1.154675e-04 9.444876e-03
1.154904e-04 9.487847e-03
1.155133e-04 9.439719e-03
1.155361e-04 9.498807e-03
1.155590e-04 9.615483e-03
1.155818e-04 9.896846e-03
1.156047e-04 1.004056e-02
1.156275e-04 1.019881e-02
1.156504e-04 1.031476e-02
1.156732e-04 1.024692e-02
1.156961e-04 1.003605e-02
1.157190e-04 9.927399e-03
1.157418e-04 9.963520e-03
1.157647e-04 1.012922e-02
1.157876e-04 1.031677e-02
1.158104e-04 1.043610e-02
1.158333e-04 1.047860e-02
1.158561e-04 1.044510e-02
1.158790e-04 1.041918e-02
1.159019e-04 1.043229e-02
1.159247e-04 1.037922e-02
1.159476e-04 1.033017e-02
1.159705e-04 1.018930e-02
1.159934e-04 1.018296e-02
1.160162e-04 1.031438e-02
1.160391e-04 1.052244e-02
1.160620e-04 1.074624e-02
1.160848e-04 1.084083e-02
1.161077e-04 1.094866e-02
1.161306e-04 1.101727e-02
1.161535e-04 1.107021e-02
1.161763e-04 1.112145e-02
1.161992e-04 1.126774e-02
1.162221e-04 1.151437e-02
1.162450e-04 1.170662e-02
1.162678e-04 1.176019e-02
1.162907e-04 1.175266e-02
1.163136e-04 1.165805e-02
1.163365e-04 1.151696e-02
1.163594e-04 1.153814e-02
1.163822e-04 1.163173e-02
1.164051e-04 1.164188e-02
1.164280e-04 1.157272e-02
1.164509e-04 1.140513e-02
1.164738e-04 1.124190e-02
1.164967e-04 1.106049e-02
1.165195e-04 1.103782e-02
1.165424e-04 1.113427e-02
1.165653e-04 1.113072e-02
1.165882e-04 1.110743e-02
1.166111e-04 1.133436e-02
1.166340e-04 1.154495e-02
1.166569e-04 1.161548e-02
1.166797e-04 1.171047e-02
1.167026e-04 1.177242e-02
1.167255e-04 1.177965e-02
1.167484e-04 1.179332e-02
1.167713e-04 1.181318e-02
1.167942e-04 1.184166e-02
1.168171e-04 1.187056e-02
1.168400e-04 1.190969e-02
1.168629e-04 1.198947e-02
1.168858e-04 1.207375e-02
1.169087e-04 1.210492e-02
1.169316e-04 1.214960e-02
1.169544e-04 1.212809e-02
1.169773e-04 1.198922e-02
1.170002e-04 1.181059e-02
1.170231e-04 1.181437e-02
1.170460e-04 1.208218e-02
1.170689e-04 1.221378e-02
1.170918e-04 1.229708e-02
1.171147e-04 1.239787e-02
1.171376e-04 1.237840e-02
1.171605e-04 1.234161e-02
1.171834e-04 1.228894e-02
1.172063e-04 1.227424e-02
1.172292e-04 1.229669e-02
1.172521e-04 1.222072e-02
1.172750e-04 1.212405e-02
1.172979e-04 1.196645e-02
1.173208e-04 1.173745e-02
1.173437e-04 1.154192e-02
1.173666e-04 1.158730e-02
1.173895e-04 1.181919e-02
1.174124e-04 1.210368e-02
1.174353e-04 1.235431e-02
1.174582e-04 1.247570e-02
1.174811e-04 1.253297e-02
1.175040e-04 1.268004e-02
1.175269e-04 1.291257e-02
1.175498e-04 1.313534e-02
1.175727e-04 1.341975e-02
1.175956e-04 1.364663e-02
1.176185e-04 1.369529e-02
1.176414e-04 1.362108e-02
1.176643e-04 1.346809e-02
1.176872e-04 1.332187e-02
1.177102e-04 1.320768e-02
1.177331e-04 1.324452e-02
1.177560e-04 1.351446e-02
1.177789e-04 1.384636e-02
1.178018e-04 1.413056e-02
1.178247e-04 1.436963e-02
1.178476e-04 1.466946e-02
1.178705e-04 1.486259e-02
1.178934e-04 1.489901e-02
1.179163e-04 1.498352e-02
1.179392e-04 1.521523e-02
1.179621e-04 1.535545e-02
1.179850e-04 1.549307e-02
1.180079e-04 1.568352e-02
1.180308e-04 1.572681e-02
1.180537e-04 1.564415e-02
1.180767e-04 1.547696e-02
1.180996e-04 1.527349e-02
1.181225e-04 1.509671e-02
1.181454e-04 1.497457e-02
1.181683e-04 1.494069e-02
1.181912e-04 1.520846e-02
1.182141e-04 1.554163e-02
1.182370e-04 1.579906e-02
1.182599e-04 1.615473e-02
1.182828e-04 1.623542e-02
1.183057e-04 1.630840e-02
1.183286e-04 1.610635e-02
1.183516e-04 1.593329e-02
1.183745e-04 1.569758e-02
1.183974e-04 1.562593e-02
1.184203e-04 1.551670e-02
1.184432e-04 1.545473e-02
1.184661e-04 1.570304e-02
1.184890e-04 1.604160e-02
1.185119e-04 1.614473e-02
1.185348e-04 1.619615e-02
1.185577e-04 1.622253e-02
1.185806e-04 1.621875e-02
1.186035e-04 1.609333e-02
1.186265e-04 1.602866e-02
1.186494e-04 1.586406e-02
1.186723e-04 1.569546e-02
1.186952e-04 1.553730e-02
1.187181e-04 1.538461e-02
1.187410e-04 1.511380e-02
1.187639e-04 1.511515e-02
1.187868e-04 1.511421e-02
1.188097e-04 1.527608e-02
1.188326e-04 1.552977e-02
1.188555e-04 1.566285e-02
1.188784e-04 1.574922e-02
1.189014e-04 1.592349e-02
1.189243e-04 1.594807e-02
1.189472e-04 1.606435e-02
1.189701e-04 1.591302e-02
1.189930e-04 1.577391e-02
1.190159e-04 1.574834e-02
1.190388e-04 1.569181e-02
1.190617e-04 1.593231e-02
1.190846e-04 1.596214e-02
1.191075e-04 1.598473e-02
1.191304e-04 1.609532e-02
1.191533e-04 1.609649e-02
1.191762e-04 1.619215e-02
1.191991e-04 1.624946e-02
1.192220e-04 1.615741e-02
1.192449e-04 1.610612e-02
1.192678e-04 1.606598e-02
1.192908e-04 1.597957e-02
1.193137e-04 1.521573e-02
1.193366e-04 1.625394e-02
1.193595e-04 1.641872e-02
1.193824e-04 1.650599e-02
1.194053e-04 1.648573e-02
1.194282e-04 1.657011e-02
1.194511e-04 1.652387e-02
1.194740e-04 1.662555e-02
1.194969e-04 1.662021e-02
1.195198e-04 1.673468e-02
1.195427e-04 1.703965e-02
1.195656e-04 1.731678e-02
1.195885e-04 1.745787e-02
1.196114e-04 1.766353e-02
1.196343e-04 1.808398e-02
1.196572e-04 1.797771e-02
1.196801e-04 1.830632e-02
1.197030e-04 1.846795e-02
1.197259e-04 1.881098e-02
1.197488e-04 2.028709e-02
1.197717e-04 1.915521e-02
1.197946e-04 1.952111e-02
1.198175e-04 1.961620e-02
1.198404e-04 1.991393e-02
1.198633e-04 2.035740e-02
1.198862e-04 2.085282e-02
1.199090e-04 2.147904e-02
1.199319e-04 2.190871e-02
1.199548e-04 2.240230e-02
1.199777e-04 2.284369e-02
1.200006e-04 2.296925e-02
1.200235e-04 2.399813e-02
1.200464e-04 2.489526e-02
1.200693e-04 2.528905e-02
1.200922e-04 2.602100e-02
1.201151e-04 2.681819e-02
1.201380e-04 2.777885e-02
1.201609e-04 2.863114e-02
1.201838e-04 2.899289e-02
1.202066e-04 3.017743e-02
1.202295e-04 3.137707e-02
1.202524e-04 3.238858e-02
1.202753e-04 3.325971e-02
1.202982e-04 3.434430e-02
1.203211e-04 3.567207e-02
1.203440e-04 3.730054e-02
1.203669e-04 3.889249e-02
1.203897e-04 4.037117e-02
1.204126e-04 4.247709e-02
1.204355e-04 4.442176e-02
1.204584e-04 4.649060e-02
1.204813e-04 4.818141e-02
1.205042e-04 5.068753e-02
1.205270e-04 5.308153e-02
1.205499e-04 5.579654e-02
1.205728e-04 5.873231e-02
1.205957e-04 6.249709e-02
1.206186e-04 6.594892e-02
1.206414e-04 6.843543e-02
1.206643e-04 7.148031e-02
1.206872e-04 7.486583e-02
1.207101e-04 7.888344e-02
