1.975080e-04 1.819873e-01
1.975531e-04 1.826753e-01
1.975982e-04 1.823614e-01
1.976434e-04 1.847001e-01
1.976885e-04 1.844923e-01
1.977337e-04 1.856682e-01
1.977788e-04 1.906439e-01
1.978240e-04 1.919749e-01
1.978692e-04 1.922189e-01
1.979144e-04 1.940687e-01
1.979595e-04 1.927718e-01
1.980047e-04 1.954683e-01
1.980499e-04 1.967839e-01
1.980951e-04 1.975994e-01
1.981403e-04 1.979745e-01
1.981855e-04 2.019082e-01
1.982308e-04 2.018155e-01
1.982760e-04 2.031131e-01
1.983212e-04 2.040192e-01
1.983664e-04 2.068881e-01
1.984117e-04 2.063310e-01
1.984569e-04 2.051101e-01
1.985022e-04 2.097751e-01
1.985474e-04 2.112809e-01
1.985927e-04 2.138195e-01
1.986380e-04 2.170529e-01
1.986832e-04 2.174684e-01
1.987285e-04 2.177476e-01
1.987738e-04 2.202316e-01
1.988191e-04 2.250266e-01
1.988644e-04 3.375333e-01
1.989097e-04 3.026420e-01
1.989550e-04 2.299743e-01
1.990003e-04 2.272936e-01
1.990456e-04 2.295313e-01
1.990910e-04 2.275584e-01
1.991363e-04 2.295781e-01
1.991816e-04 2.319994e-01
1.992270e-04 2.316176e-01
1.992723e-04 2.358103e-01
1.993177e-04 2.375237e-01
1.993630e-04 2.381734e-01
1.994084e-04 2.398606e-01
1.994538e-04 2.368621e-01
1.994992e-04 2.374187e-01
1.995445e-04 2.413475e-01
1.995899e-04 2.443114e-01
1.996353e-04 2.433235e-01
1.996807e-04 2.471702e-01
1.997261e-04 2.489961e-01
1.997715e-04 2.477876e-01
1.998169e-04 2.503601e-01
1.998624e-04 2.533206e-01
1.999078e-04 2.536825e-01
1.999532e-04 2.574371e-01
1.999987e-04 2.652344e-01
2.000441e-04 2.550126e-01
2.000896e-04 2.409784e-01
2.001350e-04 2.223546e-01
2.001805e-04 2.102688e-01
2.002259e-04 1.966998e-01
2.002714e-04 1.806217e-01
2.003169e-04 1.668043e-01
2.003624e-04 1.572835e-01
2.004078e-04 1.482322e-01
2.004533e-04 1.395750e-01
2.004988e-04 1.322729e-01
2.005443e-04 1.218652e-01
2.005899e-04 1.140830e-01
2.006354e-04 1.077182e-01
2.006809e-04 1.023667e-01
2.007264e-04 9.741066e-02
2.007719e-04 1.262244e-01
2.008175e-04 1.142479e-01
2.008630e-04 8.648948e-02
2.009086e-04 8.213265e-02
2.009541e-04 7.927793e-02
2.009997e-04 7.700972e-02
2.010452e-04 7.550514e-02
2.010908e-04 7.393972e-02
2.011364e-04 7.443278e-02
2.011820e-04 7.638254e-02
2.012275e-04 1.237513e-01
2.012731e-04 1.255234e-01
2.013187e-04 7.744808e-02
2.013643e-04 7.807619e-02
2.014099e-04 7.824026e-02
2.014555e-04 7.946002e-02
2.015011e-04 8.330112e-02
2.015468e-04 8.637644e-02
2.015924e-04 8.894491e-02
2.016380e-04 9.093985e-02
2.016837e-04 9.236788e-02
2.017293e-04 9.431719e-02
2.017750e-04 9.761215e-02
2.018206e-04 1.004368e-01
2.018663e-04 1.016771e-01
2.019119e-04 1.042066e-01
2.019576e-04 1.070732e-01
2.020033e-04 1.087358e-01
2.020489e-04 1.080964e-01
2.020946e-04 1.074583e-01
2.021403e-04 1.071616e-01
2.021860e-04 1.089110e-01
2.022317e-04 1.128258e-01
2.022774e-04 1.169577e-01
2.023231e-04 1.204746e-01
2.023688e-04 1.214355e-01
2.024146e-04 1.227994e-01
2.024603e-04 1.249100e-01
2.025060e-04 1.256925e-01
2.025517e-04 1.245027e-01
2.025975e-04 1.221590e-01
2.026432e-04 1.209309e-01
2.026890e-04 1.228094e-01
2.027347e-04 1.399543e-01
2.027805e-04 1.484189e-01
2.028263e-04 1.218058e-01
2.028720e-04 1.211499e-01
2.029178e-04 1.225724e-01
2.029636e-04 1.228035e-01
2.030094e-04 1.211438e-01
2.030552e-04 1.175739e-01
2.031010e-04 1.138249e-01
2.031468e-04 1.091832e-01
2.031926e-04 1.050842e-01
2.032384e-04 9.917893e-02
2.032842e-04 9.383638e-02
2.033300e-04 8.868536e-02
2.033758e-04 8.489885e-02
2.034217e-04 8.219164e-02
2.034675e-04 8.128377e-02
2.035134e-04 7.888700e-02
2.035592e-04 7.667855e-02
2.036050e-04 7.456728e-02
2.036509e-04 7.341376e-02
2.036968e-04 6.613226e-02
2.037426e-04 6.260645e-02
2.037885e-04 6.120135e-02
2.038344e-04 6.052602e-02
2.038803e-04 5.846594e-02
2.039261e-04 5.707532e-02
2.039720e-04 5.497135e-02
2.040179e-04 5.251811e-02
2.040638e-04 5.016966e-02
2.041097e-04 4.755510e-02
2.041556e-04 4.432567e-02
2.042016e-04 4.175960e-02
2.042475e-04 4.033821e-02
2.042934e-04 3.813509e-02
2.043393e-04 3.723091e-02
2.043853e-04 3.595364e-02
2.044312e-04 3.541521e-02
2.044772e-04 3.514038e-02
2.045231e-04 3.466333e-02
2.045691e-04 3.410453e-02
2.046150e-04 3.346164e-02
2.046610e-04 3.300646e-02
2.047069e-04 3.238879e-02
2.047529e-04 3.226157e-02
2.047989e-04 3.210269e-02
2.048449e-04 3.229700e-02
2.048909e-04 3.241183e-02
2.049369e-04 3.216533e-02
2.049829e-04 3.221494e-02
2.050289e-04 3.234582e-02
2.050749e-04 3.324925e-02
2.051209e-04 3.473053e-02
2.051669e-04 3.628656e-02
2.052129e-04 3.784069e-02
2.052589e-04 3.930336e-02
2.053050e-04 4.034768e-02
2.053510e-04 4.104155e-02
2.053970e-04 4.072635e-02
2.054431e-04 4.047112e-02
2.054891e-04 3.964386e-02
2.055352e-04 3.897537e-02
2.055812e-04 3.774719e-02
2.056273e-04 3.701448e-02
2.056734e-04 3.608027e-02
2.057194e-04 3.544026e-02
2.057655e-04 3.541867e-02
2.058116e-04 3.528546e-02
2.058577e-04 3.476339e-02
2.059038e-04 3.458737e-02
2.059499e-04 3.438894e-02
2.059960e-04 3.585576e-02
2.060421e-04 4.009465e-02
2.060882e-04 3.708860e-02
2.061343e-04 3.712469e-02
2.061804e-04 3.714627e-02
2.062265e-04 3.742426e-02
2.062727e-04 3.728901e-02
2.063188e-04 3.777729e-02
2.063649e-04 3.820912e-02
2.064111e-04 3.839808e-02
2.064572e-04 3.898333e-02
2.065034e-04 4.547539e-02
2.065495e-04 4.093598e-02
2.065957e-04 4.013059e-02
2.066418e-04 4.034106e-02
2.066880e-04 4.051486e-02
2.067342e-04 4.061869e-02
2.067804e-04 4.106549e-02
2.068265e-04 4.113813e-02
2.068727e-04 4.161670e-02
2.069189e-04 4.194178e-02
2.069651e-04 4.210540e-02
2.070113e-04 4.188145e-02
2.070575e-04 4.128057e-02
2.071037e-04 4.259953e-02
2.071499e-04 4.329697e-02
2.071962e-04 4.409357e-02
2.072424e-04 4.427864e-02
2.072886e-04 4.585171e-02
2.073348e-04 4.605813e-02
2.073811e-04 4.592927e-02
2.074273e-04 4.608290e-02
2.074735e-04 4.583670e-02
2.075198e-04 4.570429e-02
2.075660e-04 4.547722e-02
2.076123e-04 4.514068e-02
2.076586e-04 4.531210e-02
2.077048e-04 4.495918e-02
2.077511e-04 4.461340e-02
2.077974e-04 4.438045e-02
2.078436e-04 4.459521e-02
2.078899e-04 4.504853e-02
2.079362e-04 4.574588e-02
2.079825e-04 4.669457e-02
2.080288e-04 4.623875e-02
2.080751e-04 4.675991e-02
2.081214e-04 4.687926e-02
2.081677e-04 4.714524e-02
2.082140e-04 4.702779e-02
2.082603e-04 4.692311e-02
2.083067e-04 4.707813e-02
2.083530e-04 4.726198e-02
2.083993e-04 4.740532e-02
2.084457e-04 4.767894e-02
2.084920e-04 4.790291e-02
2.085383e-04 4.794273e-02
2.085847e-04 4.776566e-02
2.086310e-04 4.761874e-02
2.086774e-04 4.728827e-02
2.087237e-04 4.719648e-02
2.087701e-04 4.801866e-02
2.088165e-04 4.857530e-02
2.088628e-04 4.875187e-02
2.089092e-04 4.886373e-02
2.089556e-04 4.911034e-02
2.090020e-04 4.924696e-02
2.090484e-04 4.900549e-02
2.090948e-04 4.823921e-02
2.091412e-04 4.760110e-02
2.091876e-04 4.699072e-02
2.092340e-04 4.683529e-02
2.092804e-04 4.723088e-02
2.093268e-04 4.751794e-02
2.093732e-04 4.760410e-02
2.094196e-04 4.720353e-02
2.094661e-04 4.658670e-02
2.095125e-04 4.688691e-02
2.095589e-04 4.796485e-02
2.096054e-04 4.871822e-02
2.096518e-04 4.934630e-02
2.096982e-04 4.989779e-02
2.097447e-04 4.993590e-02
2.097911e-04 5.004343e-02
2.098376e-04 5.045039e-02
2.098841e-04 5.063885e-02
2.099305e-04 5.099514e-02
2.099770e-04 5.160487e-02
2.100235e-04 5.184210e-02
2.100700e-04 5.191234e-02
2.101164e-04 5.195950e-02
2.101629e-04 5.175399e-02
2.102094e-04 5.157311e-02
2.102559e-04 5.143473e-02
2.103024e-04 5.128886e-02
2.103489e-04 5.120931e-02
2.103954e-04 5.126534e-02
2.104419e-04 5.110754e-02
2.104884e-04 5.085244e-02
2.105349e-04 5.076715e-02
2.105815e-04 5.120294e-02
2.106280e-04 5.159109e-02
2.106745e-04 5.195036e-02
2.107211e-04 5.246430e-02
2.107676e-04 5.258441e-02
2.108141e-04 5.246145e-02
2.108607e-04 5.226793e-02
2.109072e-04 5.225069e-02
2.109538e-04 5.235478e-02
2.110003e-04 5.253089e-02
2.110469e-04 5.217361e-02
2.110935e-04 5.148701e-02
2.111400e-04 5.062055e-02
2.111866e-04 5.033830e-02
2.112332e-04 5.066629e-02
2.112798e-04 5.118031e-02
2.113263e-04 5.183368e-02
2.113729e-04 5.221433e-02
2.114195e-04 5.249441e-02
2.114661e-04 5.279937e-02
2.115127e-04 5.310246e-02
2.115593e-04 5.313528e-02
2.116059e-04 5.286065e-02
2.116525e-04 5.159446e-02
2.116991e-04 5.132602e-02
2.117458e-04 5.148508e-02
2.117924e-04 5.154874e-02
2.118390e-04 5.112981e-02
2.118856e-04 5.193122e-02
2.119323e-04 5.228258e-02
2.119789e-04 5.218852e-02
2.120255e-04 5.159355e-02
2.120722e-04 5.148992e-02
2.121188e-04 5.163087e-02
2.121655e-04 5.191192e-02
2.122121e-04 5.250025e-02
2.122588e-04 5.302834e-02
2.123054e-04 5.313546e-02
2.123521e-04 5.331248e-02
2.123988e-04 5.341108e-02
2.124455e-04 5.307130e-02
2.124921e-04 5.254854e-02
2.125388e-04 5.246247e-02
2.125855e-04 5.209699e-02
2.126322e-04 5.196499e-02
2.126789e-04 5.085415e-02
2.127256e-04 5.087566e-02
2.127723e-04 5.101643e-02
2.128190e-04 5.179226e-02
2.128657e-04 5.158821e-02
2.129124e-04 5.156509e-02
2.129591e-04 5.160054e-02
2.130058e-04 5.173773e-02
2.130525e-04 5.148468e-02
2.130992e-04 5.174317e-02
2.131460e-04 5.151727e-02
2.131927e-04 5.147271e-02
2.132394e-04 5.149900e-02
2.132862e-04 5.130333e-02
2.133329e-04 5.133117e-02
2.133797e-04 5.114103e-02
2.134264e-04 5.142591e-02
2.134732e-04 5.099123e-02
2.135199e-04 5.090358e-02
2.135667e-04 5.085080e-02
2.136134e-04 5.078931e-02
2.136602e-04 5.078503e-02
2.137070e-04 5.070282e-02
2.137537e-04 5.044327e-02
2.138005e-04 5.074699e-02
2.138473e-04 5.106739e-02
2.138941e-04 5.155963e-02
2.139408e-04 5.227385e-02
2.139876e-04 5.231311e-02
2.140344e-04 5.230720e-02
2.140812e-04 5.194995e-02
2.141280e-04 5.230329e-02
2.141748e-04 5.253968e-02
2.142216e-04 5.216516e-02
2.142684e-04 5.619161e-02
2.143153e-04 5.265041e-02
2.143621e-04 5.148539e-02
2.144089e-04 5.105772e-02
2.144557e-04 5.078493e-02
2.145025e-04 5.017521e-02
2.145494e-04 5.028019e-02
2.145962e-04 5.070502e-02
2.146430e-04 5.117268e-02
2.146899e-04 5.118897e-02
2.147367e-04 5.165505e-02
2.147836e-04 5.188513e-02
2.148304e-04 5.221944e-02
2.148773e-04 5.210127e-02
2.149241e-04 5.242562e-02
2.149710e-04 5.612267e-02
2.150178e-04 5.289080e-02
2.150647e-04 5.160817e-02
2.151116e-04 5.073690e-02
2.151584e-04 4.992308e-02
2.152053e-04 4.951900e-02
2.152522e-04 4.924344e-02
2.152991e-04 4.895464e-02
2.153460e-04 4.858368e-02
2.153928e-04 4.801020e-02
2.154397e-04 4.790308e-02
2.154866e-04 4.752240e-02
2.155335e-04 4.673053e-02
2.155804e-04 4.597622e-02
2.156273e-04 4.489393e-02
2.156742e-04 4.410166e-02
2.157212e-04 4.396538e-02
2.157681e-04 4.423716e-02
2.158150e-04 4.428358e-02
2.158619e-04 4.437778e-02
2.159088e-04 4.411696e-02
2.159558e-04 4.438300e-02
2.160027e-04 4.509082e-02
2.160496e-04 4.597746e-02
2.160965e-04 4.690755e-02
2.161435e-04 4.836416e-02
2.161904e-04 4.915102e-02
2.162374e-04 4.996454e-02
2.162843e-04 5.112030e-02
2.163313e-04 5.253740e-02
2.163782e-04 5.362507e-02
2.164252e-04 5.434012e-02
2.164721e-04 5.495477e-02
2.165191e-04 5.513531e-02
2.165661e-04 5.506854e-02
2.166130e-04 5.502225e-02
2.166600e-04 5.492857e-02
2.167070e-04 5.477204e-02
2.167540e-04 5.484205e-02
2.168009e-04 5.524410e-02
2.168479e-04 5.507754e-02
2.168949e-04 5.482386e-02
2.169419e-04 5.497428e-02
2.169889e-04 5.533157e-02
2.170359e-04 5.548184e-02
2.170829e-04 5.548340e-02
2.171299e-04 5.534272e-02
2.171769e-04 5.505911e-02
2.172239e-04 5.498791e-02
2.172709e-04 5.486622e-02
2.173179e-04 5.512297e-02
2.173649e-04 5.541797e-02
2.174120e-04 5.573845e-02
2.174590e-04 5.602474e-02
2.175060e-04 5.576426e-02
2.175530e-04 5.494234e-02
2.176001e-04 5.385341e-02
2.176471e-04 5.279274e-02
2.176941e-04 5.203261e-02
2.177412e-04 5.153259e-02
2.177882e-04 5.097681e-02
2.178353e-04 5.109191e-02
2.178823e-04 5.157490e-02
2.179294e-04 5.218329e-02
2.179764e-04 5.148940e-02
2.180235e-04 5.028439e-02
2.180705e-04 5.139984e-02
2.181176e-04 5.130653e-02
2.181647e-04 5.142102e-02
2.182117e-04 5.183268e-02
2.182588e-04 5.203117e-02
2.183059e-04 5.241543e-02
2.183529e-04 5.304253e-02
2.184000e-04 5.352934e-02
2.184471e-04 5.426042e-02
2.184942e-04 5.451801e-02
2.185413e-04 5.473383e-02
2.185884e-04 5.469764e-02
2.186355e-04 5.442485e-02
2.186826e-04 5.382271e-02
2.187296e-04 5.285147e-02
2.187768e-04 5.208485e-02
2.188239e-04 5.157481e-02
2.188710e-04 5.171885e-02
2.189181e-04 5.182015e-02
2.189652e-04 5.170099e-02
2.190123e-04 5.094861e-02
2.190594e-04 4.994653e-02
2.191065e-04 5.038243e-02
2.191537e-04 4.943813e-02
2.192008e-04 4.941072e-02
2.192479e-04 4.941862e-02
2.192950e-04 5.003018e-02
2.193422e-04 5.067776e-02
2.193893e-04 5.123954e-02
2.194364e-04 5.172953e-02
2.194836e-04 5.264403e-02
2.195307e-04 5.289014e-02
2.195779e-04 5.222530e-02
2.196250e-04 5.215747e-02
2.196722e-04 5.194578e-02
2.197193e-04 5.114092e-02
2.197665e-04 5.050551e-02
2.198136e-04 5.052242e-02
2.198608e-04 5.070448e-02
2.199080e-04 5.212221e-02
2.199551e-04 5.152359e-02
2.200023e-04 5.185817e-02
2.200495e-04 5.246729e-02
2.200966e-04 5.319928e-02
2.201438e-04 5.381806e-02
2.201910e-04 5.372861e-02
2.202382e-04 5.401661e-02
2.202854e-04 5.432082e-02
2.203325e-04 5.407003e-02
2.203797e-04 5.422645e-02
2.204269e-04 5.405978e-02
2.204741e-04 5.417368e-02
2.205213e-04 5.387744e-02
2.205685e-04 5.358190e-02
2.206157e-04 5.345471e-02
2.206629e-04 5.312230e-02
2.207101e-04 5.266097e-02
2.207573e-04 5.221082e-02
2.208045e-04 5.154072e-02
2.208517e-04 5.113690e-02
2.208990e-04 5.090028e-02
2.209462e-04 5.105523e-02
2.209934e-04 5.153030e-02
2.210406e-04 5.196362e-02
2.210878e-04 5.223613e-02
2.211351e-04 5.246700e-02
2.211823e-04 5.257909e-02
2.212295e-04 5.226922e-02
2.212768e-04 5.206114e-02
2.213240e-04 5.227510e-02
2.213712e-04 5.142363e-02
2.214185e-04 5.126049e-02
2.214657e-04 5.066224e-02
2.215130e-04 5.080937e-02
2.215602e-04 5.095507e-02
2.216075e-04 5.100343e-02
2.216547e-04 5.098475e-02
2.217020e-04 5.110519e-02
2.217492e-04 5.092394e-02
2.217965e-04 4.970789e-02
2.218438e-04 4.971110e-02
2.218910e-04 5.048163e-02
2.219383e-04 5.064962e-02
2.219856e-04 5.090176e-02
2.220328e-04 5.047167e-02
2.220801e-04 5.098425e-02
2.221274e-04 5.150116e-02
2.221747e-04 5.154300e-02
2.222219e-04 5.171248e-02
2.222692e-04 5.169071e-02
2.223165e-04 5.164766e-02
2.223638e-04 5.165572e-02
2.224111e-04 5.122100e-02
2.224584e-04 5.065458e-02
2.225057e-04 5.017481e-02
2.225530e-04 5.018878e-02
2.226002e-04 5.008966e-02
2.226475e-04 5.037124e-02
2.226948e-04 5.043866e-02
2.227422e-04 5.058318e-02
2.227895e-04 5.005946e-02
2.228368e-04 5.017048e-02
2.228841e-04 5.002615e-02
2.229314e-04 4.977347e-02
2.229787e-04 4.974825e-02
2.230260e-04 4.999509e-02
2.230733e-04 4.979244e-02
2.231207e-04 4.963673e-02
2.231680e-04 4.971677e-02
2.232153e-04 4.972305e-02
2.232626e-04 4.989266e-02
2.233100e-04 4.982697e-02
2.233573e-04 4.969345e-02
2.234046e-04 5.100676e-02
2.234520e-04 5.029029e-02
2.234993e-04 4.968360e-02
2.235466e-04 4.997710e-02
2.235940e-04 4.995730e-02
2.236413e-04 4.990804e-02
2.236887e-04 4.975849e-02
2.237360e-04 4.970097e-02
2.237833e-04 4.972873e-02
2.238307e-04 4.963002e-02
2.238780e-04 4.968761e-02
2.239254e-04 4.951218e-02
2.239728e-04 4.933611e-02
2.240201e-04 4.925839e-02
2.240675e-04 4.951260e-02
2.241148e-04 5.024370e-02
2.241622e-04 5.067382e-02
2.242096e-04 5.085408e-02
2.242569e-04 5.094675e-02
2.243043e-04 5.099391e-02
2.243517e-04 5.089882e-02
2.243991e-04 5.103258e-02
2.244464e-04 5.135378e-02
2.244938e-04 5.131232e-02
2.245412e-04 5.124315e-02
2.245886e-04 5.105620e-02
2.246359e-04 5.102448e-02
2.246833e-04 5.086964e-02
2.247307e-04 5.057802e-02
2.247781e-04 5.070403e-02
2.248255e-04 5.058930e-02
2.248729e-04 5.017720e-02
2.249203e-04 5.010094e-02
2.249677e-04 5.011769e-02
2.250151e-04 4.989490e-02
2.250625e-04 5.001856e-02
2.251099e-04 5.037606e-02
2.251573e-04 5.078837e-02
2.252047e-04 5.093460e-02
2.252521e-04 5.485786e-02
2.252995e-04 5.550393e-02
2.253469e-04 4.950711e-02
2.253943e-04 4.975950e-02
2.254417e-04 4.950622e-02
2.254891e-04 4.936366e-02
2.255366e-04 4.954025e-02
2.255840e-04 4.972748e-02
2.256314e-04 5.006790e-02
2.256788e-04 5.032098e-02
2.257262e-04 5.057810e-02
2.257737e-04 5.052253e-02
2.258211e-04 5.069300e-02
2.258685e-04 5.092094e-02
2.259160e-04 5.143755e-02
2.259634e-04 5.164746e-02
2.260108e-04 5.115029e-02
2.260583e-04 5.069824e-02
2.261057e-04 5.026073e-02
2.261531e-04 4.988873e-02
2.262006e-04 4.961495e-02
2.262480e-04 4.985928e-02
2.262954e-04 5.039562e-02
2.263429e-04 5.086766e-02
2.263903e-04 5.134549e-02
2.264378e-04 5.149983e-02
2.264852e-04 5.149748e-02
2.265327e-04 5.157992e-02
2.265801e-04 5.187187e-02
2.266276e-04 5.202022e-02
2.266751e-04 5.217110e-02
2.267225e-04 5.225238e-02
2.267700e-04 5.153964e-02
2.268174e-04 5.125948e-02
2.268649e-04 5.034308e-02
2.269124e-04 5.008921e-02
2.269598e-04 4.990486e-02
2.270073e-04 5.051598e-02
2.270548e-04 5.105412e-02
2.271022e-04 5.151120e-02
2.271497e-04 5.212121e-02
2.271972e-04 5.224342e-02
2.272446e-04 5.241488e-02
2.272921e-04 5.198262e-02
2.273396e-04 5.174652e-02
2.273871e-04 5.147318e-02
2.274345e-04 5.130976e-02
2.274820e-04 5.078699e-02
2.275295e-04 5.032593e-02
2.275770e-04 5.025922e-02
2.276245e-04 4.988021e-02
2.276720e-04 5.004306e-02
2.277195e-04 5.035923e-02
2.277669e-04 5.045761e-02
2.278144e-04 5.081076e-02
2.278619e-04 5.041758e-02
2.279094e-04 5.161016e-02
2.279569e-04 5.185487e-02
2.280044e-04 5.142557e-02
2.280519e-04 5.104655e-02
2.280994e-04 5.190406e-02
2.281469e-04 5.139024e-02
2.281944e-04 5.083718e-02
2.282419e-04 5.049494e-02
2.282894e-04 4.980314e-02
2.283369e-04 4.968428e-02
2.283844e-04 4.992217e-02
2.284319e-04 4.995971e-02
2.284794e-04 5.025933e-02
2.285270e-04 5.016266e-02
2.285745e-04 5.047050e-02
2.286220e-04 5.057131e-02
2.286695e-04 5.066119e-02
2.287170e-04 5.026699e-02
2.287645e-04 4.988552e-02
2.288120e-04 4.909940e-02
2.288596e-04 4.846390e-02
2.289071e-04 4.834828e-02
2.289546e-04 4.948090e-02
2.290021e-04 5.029979e-02
2.290497e-04 5.000057e-02
2.290972e-04 5.001003e-02
2.291447e-04 4.961949e-02
2.291922e-04 4.931005e-02
2.292398e-04 4.901172e-02
2.292873e-04 4.884048e-02
2.293348e-04 4.874510e-02
2.293824e-04 4.917564e-02
2.294299e-04 4.948356e-02
2.294774e-04 4.953733e-02
2.295250e-04 4.990156e-02
2.295725e-04 4.922785e-02
2.296200e-04 4.921148e-02
2.296676e-04 4.898534e-02
2.297151e-04 4.877494e-02
2.297627e-04 4.872772e-02
2.298102e-04 4.893917e-02
2.298577e-04 4.915299e-02
2.299053e-04 4.940356e-02
2.299528e-04 4.960849e-02
2.300004e-04 4.955564e-02
2.300479e-04 4.967527e-02
2.300955e-04 5.000921e-02
2.301430e-04 5.020364e-02
2.301906e-04 5.009817e-02
2.302381e-04 5.021457e-02
2.302857e-04 5.052711e-02
2.303332e-04 5.107001e-02
2.303808e-04 5.129015e-02
2.304284e-04 5.167726e-02
2.304759e-04 5.180744e-02
2.305235e-04 5.212587e-02
2.305710e-04 5.214966e-02
2.306186e-04 5.265898e-02
2.306662e-04 5.317726e-02
2.307137e-04 5.326055e-02
2.307613e-04 5.269061e-02
2.308088e-04 5.182540e-02
2.308564e-04 5.113235e-02
2.309040e-04 4.968914e-02
2.309515e-04 4.807439e-02
2.309991e-04 4.692920e-02
2.310467e-04 4.646796e-02
2.310942e-04 4.684370e-02
2.311418e-04 4.737393e-02
2.311894e-04 4.857101e-02
2.312370e-04 4.970920e-02
2.312845e-04 5.020291e-02
2.313321e-04 5.066429e-02
2.313797e-04 5.082001e-02
2.314273e-04 5.038539e-02
2.314748e-04 4.991091e-02
2.315224e-04 4.958025e-02
2.315700e-04 4.941516e-02
2.316176e-04 4.956250e-02
2.316652e-04 5.021265e-02
2.317127e-04 5.084902e-02
2.317603e-04 5.159332e-02
2.318079e-04 5.205603e-02
2.318555e-04 5.232459e-02
2.319031e-04 5.247797e-02
2.319507e-04 5.247739e-02
2.319982e-04 5.249934e-02
2.320458e-04 5.223175e-02
2.320934e-04 5.183356e-02
2.321410e-04 5.127160e-02
2.321886e-04 5.089186e-02
2.322362e-04 5.093604e-02
2.322838e-04 5.078364e-02
2.323314e-04 5.037871e-02
2.323789e-04 4.975214e-02
2.324265e-04 4.956785e-02
2.324741e-04 4.904122e-02
2.325217e-04 4.891353e-02
2.325693e-04 4.902627e-02
2.326169e-04 4.917458e-02
2.326645e-04 4.918601e-02
2.327121e-04 4.889620e-02
2.327597e-04 4.848951e-02
2.328073e-04 4.825692e-02
2.328549e-04 4.775704e-02
2.329025e-04 4.788213e-02
2.329501e-04 4.778015e-02
2.329977e-04 4.737518e-02
2.330453e-04 4.670632e-02
2.330929e-04 4.584130e-02
2.331405e-04 4.518499e-02
2.331881e-04 4.425806e-02
2.332357e-04 4.327167e-02
2.332833e-04 4.209053e-02
2.333309e-04 4.147039e-02
2.333785e-04 4.095226e-02
2.334261e-04 4.079822e-02
2.334737e-04 4.058428e-02
2.335213e-04 4.080260e-02
2.335690e-04 4.113135e-02
2.336166e-04 4.128266e-02
2.336642e-04 4.010275e-02
2.337118e-04 4.036382e-02
2.337594e-04 4.056603e-02
2.338070e-04 4.035885e-02
2.338546e-04 4.000660e-02
2.339022e-04 3.961193e-02
2.339498e-04 3.929218e-02
2.339974e-04 3.931614e-02
2.340451e-04 3.879396e-02
2.340927e-04 3.833904e-02
2.341403e-04 3.797174e-02
2.341879e-04 3.742775e-02
2.342355e-04 3.672486e-02
2.342831e-04 3.604390e-02
2.343307e-04 3.557617e-02
2.343784e-04 3.464163e-02
2.344260e-04 3.385238e-02
2.344736e-04 3.324729e-02
2.345212e-04 3.293859e-02
2.345688e-04 3.589114e-02
2.346164e-04 3.528031e-02
2.346641e-04 3.451233e-02
2.347117e-04 3.521537e-02
2.347593e-04 3.549974e-02
2.348069e-04 3.578465e-02
2.348545e-04 3.588027e-02
2.349022e-04 3.607832e-02
2.349498e-04 3.633175e-02
2.349974e-04 3.636148e-02
2.350450e-04 3.605985e-02
2.350926e-04 3.578202e-02
2.351403e-04 3.612190e-02
2.351879e-04 3.667234e-02
2.352355e-04 3.723696e-02
2.352831e-04 3.775884e-02
2.353307e-04 3.817514e-02
2.353784e-04 3.871871e-02
2.354260e-04 3.896693e-02
2.354736e-04 3.879554e-02
2.355212e-04 3.939766e-02
2.355689e-04 4.035162e-02
2.356165e-04 4.053408e-02
2.356641e-04 4.026246e-02
2.357117e-04 4.085515e-02
2.357594e-04 4.151792e-02
2.358070e-04 4.221332e-02
2.358546e-04 4.323926e-02
2.359022e-04 4.376061e-02
2.359499e-04 4.410384e-02
2.359975e-04 4.485515e-02
2.360451e-04 4.539414e-02
2.360927e-04 4.650580e-02
2.361404e-04 4.766253e-02
2.361880e-04 4.864493e-02
2.362356e-04 4.935175e-02
2.362833e-04 5.033632e-02
2.363309e-04 5.082230e-02
2.363785e-04 5.416501e-02
2.364261e-04 5.399042e-02
2.364738e-04 5.412074e-02
2.365214e-04 5.646860e-02
2.365690e-04 5.904934e-02
2.366166e-04 6.104532e-02
2.366643e-04 6.372228e-02
2.367119e-04 6.676237e-02
2.367595e-04 6.794457e-02
2.368072e-04 6.942334e-02
2.368548e-04 7.078142e-02
2.369024e-04 7.157755e-02
2.369500e-04 7.418948e-02
2.369977e-04 7.704634e-02
2.370453e-04 7.826577e-02
2.370929e-04 8.001214e-02
2.371406e-04 8.263909e-02
2.371882e-04 8.589043e-02
2.372358e-04 9.019554e-02
2.372834e-04 1.617157e-01
2.373311e-04 1.333364e-01
2.373787e-04 9.896703e-02
2.374263e-04 1.023066e-01
2.374740e-04 1.053597e-01
2.375216e-04 1.094255e-01
2.375692e-04 1.118605e-01
2.376168e-04 1.149046e-01
2.376645e-04 1.185578e-01
2.377121e-04 1.211687e-01
2.377597e-04 1.255339e-01
2.378074e-04 1.290996e-01
2.378550e-04 1.339498e-01
2.379026e-04 1.387247e-01
2.379502e-04 1.411842e-01
2.379979e-04 1.456535e-01
2.380455e-04 1.502333e-01
2.380931e-04 1.553809e-01
2.381408e-04 1.605969e-01
2.381884e-04 1.662255e-01
2.382360e-04 1.692893e-01
2.382836e-04 1.747210e-01
2.383313e-04 1.800721e-01
2.383789e-04 1.806361e-01
2.384265e-04 1.855905e-01
2.384741e-04 1.914231e-01
2.385218e-04 1.983013e-01
2.385694e-04 2.039063e-01
2.386170e-04 2.101921e-01
2.386647e-04 2.212149e-01
2.387123e-04 2.260872e-01
2.387599e-04 2.302829e-01
2.388075e-04 2.385445e-01
2.388552e-04 2.453920e-01
2.389028e-04 2.531880e-01
2.389504e-04 2.581183e-01
2.389980e-04 2.724596e-01
2.390457e-04 2.766434e-01
2.390933e-04 2.797600e-01
2.391409e-04 2.864476e-01
2.391885e-04 2.929792e-01
2.392361e-04 3.056642e-01
2.392838e-04 3.216619e-01
2.393314e-04 3.252066e-01
2.393790e-04 3.242674e-01
2.394266e-04 3.306472e-01
2.394743e-04 3.458763e-01
2.395219e-04 3.601305e-01
2.395695e-04 3.711028e-01
2.396171e-04 3.908429e-01
