1.206080e-04 8.079746e-03
1.206343e-04 8.200678e-03
1.206605e-04 8.307856e-03
1.206867e-04 8.465887e-03
1.207129e-04 8.656620e-03
1.207392e-04 8.971545e-03
1.207654e-04 8.363246e-03
1.207916e-04 8.422032e-03
1.208179e-04 9.517578e-03
1.208441e-04 9.545387e-03
1.208704e-04 9.660651e-03
1.208966e-04 9.934563e-03
1.209229e-04 1.030371e-02
1.209492e-04 1.053659e-02
1.209754e-04 1.079138e-02
1.210017e-04 1.104532e-02
1.210280e-04 1.119429e-02
1.210543e-04 1.118211e-02
1.210806e-04 1.118760e-02
1.211068e-04 1.122529e-02
1.211331e-04 1.139533e-02
1.211594e-04 1.169768e-02
1.211857e-04 1.197411e-02
1.212120e-04 1.229520e-02
1.212383e-04 1.254485e-02
1.212646e-04 1.274063e-02
1.212910e-04 1.285672e-02
1.213173e-04 1.295323e-02
1.213436e-04 1.294758e-02
1.213699e-04 1.284138e-02
1.213963e-04 1.298587e-02
1.214226e-04 1.315155e-02
1.214489e-04 1.329796e-02
1.214753e-04 1.353480e-02
1.215016e-04 1.369011e-02
1.215280e-04 1.405588e-02
1.215543e-04 1.423022e-02
1.215807e-04 1.424676e-02
1.216070e-04 1.431387e-02
1.216334e-04 1.436049e-02
1.216598e-04 1.439097e-02
1.216861e-04 1.466192e-02
1.217125e-04 1.498250e-02
1.217389e-04 1.489363e-02
1.217653e-04 1.517116e-02
1.217917e-04 1.473791e-02
1.218180e-04 1.485051e-02
1.218444e-04 1.532144e-02
1.218708e-04 1.492493e-02
1.218972e-04 1.490821e-02
1.219236e-04 1.511507e-02
1.219501e-04 1.515885e-02
1.219765e-04 1.520388e-02
1.220029e-04 1.539698e-02
1.220293e-04 1.542128e-02
1.220557e-04 1.549583e-02
1.220822e-04 1.539116e-02
1.221086e-04 1.530298e-02
1.221350e-04 1.533470e-02
1.221615e-04 1.541427e-02
1.221879e-04 1.555246e-02
1.222143e-04 1.544121e-02
1.222408e-04 1.561153e-02
1.222672e-04 1.568001e-02
1.222937e-04 1.580869e-02
1.223202e-04 1.564627e-02
1.223466e-04 1.567037e-02
1.223731e-04 1.585884e-02
1.223996e-04 1.602350e-02
1.224260e-04 1.612907e-02
1.224525e-04 1.601198e-02
1.224790e-04 1.619275e-02
1.225055e-04 1.623035e-02
1.225320e-04 1.616528e-02
1.225585e-04 1.624906e-02
1.225850e-04 1.621591e-02
1.226115e-04 1.622930e-02
1.226380e-04 1.604480e-02
1.226645e-04 1.611205e-02
1.226910e-04 1.611663e-02
1.227175e-04 1.632041e-02
1.227440e-04 1.620030e-02
1.227706e-04 1.611400e-02
1.227971e-04 1.657416e-02
1.228236e-04 1.665438e-02
1.228501e-04 1.643841e-02
1.228767e-04 1.654518e-02
1.229032e-04 1.635697e-02
1.229298e-04 1.642928e-02
1.229563e-04 1.661864e-02
1.229829e-04 1.671150e-02
1.230094e-04 1.671584e-02
1.230360e-04 1.675057e-02
1.230625e-04 1.684457e-02
1.230891e-04 1.682723e-02
1.231157e-04 1.687516e-02
1.231422e-04 1.680661e-02
1.231688e-04 1.676892e-02
1.231954e-04 1.673423e-02
1.232220e-04 1.666824e-02
1.232486e-04 1.664396e-02
1.232751e-04 1.664846e-02
1.233017e-04 1.663290e-02
1.233283e-04 1.671423e-02
1.233549e-04 1.673272e-02
1.233815e-04 1.676650e-02
1.234081e-04 1.680490e-02
1.234348e-04 1.675304e-02
1.234614e-04 1.678229e-02
1.234880e-04 1.671545e-02
1.235146e-04 1.675844e-02
1.235412e-04 1.684215e-02
1.235679e-04 1.679609e-02
1.235945e-04 1.677109e-02
1.236211e-04 1.661853e-02
1.236478e-04 1.663669e-02
1.236744e-04 1.672622e-02
1.237010e-04 1.673196e-02
1.237277e-04 1.669629e-02
1.237543e-04 1.659022e-02
1.237810e-04 1.669595e-02
1.238077e-04 1.665298e-02
1.238343e-04 1.665844e-02
1.238610e-04 1.669257e-02
1.238877e-04 1.664839e-02
1.239143e-04 1.665257e-02
1.239410e-04 1.648623e-02
1.239677e-04 1.656595e-02
1.239944e-04 1.665844e-02
1.240210e-04 1.666034e-02
1.240477e-04 1.667279e-02
1.240744e-04 1.658984e-02
1.241011e-04 1.656234e-02
1.241278e-04 1.659024e-02
1.241545e-04 1.668059e-02
1.241812e-04 1.670229e-02
1.242079e-04 1.657339e-02
1.242347e-04 1.653170e-02
1.242614e-04 1.653415e-02
1.242881e-04 1.641272e-02
1.243148e-04 1.626493e-02
1.243415e-04 1.624467e-02
1.243683e-04 1.633768e-02
1.243950e-04 1.605490e-02
1.244217e-04 1.621895e-02
1.244485e-04 1.650485e-02
1.244752e-04 1.652775e-02
1.245020e-04 1.657467e-02
1.245287e-04 1.684682e-02
1.245555e-04 1.691206e-02
1.245822e-04 1.645610e-02
1.246090e-04 1.625909e-02
1.246357e-04 1.646280e-02
1.246625e-04 1.661043e-02
1.246893e-04 1.667602e-02
1.247160e-04 1.670660e-02
1.247428e-04 1.669584e-02
1.247696e-04 1.670343e-02
1.247964e-04 1.671798e-02
1.248232e-04 1.673918e-02
1.248500e-04 1.666103e-02
1.248767e-04 1.676970e-02
1.249035e-04 1.684224e-02
1.249303e-04 1.684785e-02
1.249571e-04 1.689130e-02
1.249839e-04 1.686580e-02
1.250107e-04 1.692584e-02
1.250376e-04 1.690767e-02
1.250644e-04 1.691748e-02
1.250912e-04 1.695270e-02
1.251180e-04 1.696449e-02
1.251448e-04 1.703003e-02
1.251717e-04 1.693222e-02
1.251985e-04 1.694639e-02
1.252253e-04 1.696554e-02
1.252522e-04 1.699428e-02
1.252790e-04 1.698507e-02
1.253058e-04 1.690928e-02
1.253327e-04 1.682454e-02
1.253595e-04 1.673094e-02
1.253864e-04 1.670914e-02
1.254132e-04 1.690588e-02
1.254401e-04 1.688612e-02
1.254670e-04 1.697136e-02
1.254938e-04 1.682198e-02
1.255207e-04 1.672675e-02
1.255476e-04 1.671937e-02
1.255744e-04 1.668578e-02
1.256013e-04 1.688457e-02
1.256282e-04 1.681687e-02
1.256551e-04 1.668628e-02
1.256820e-04 1.650631e-02
1.257089e-04 1.662172e-02
1.257357e-04 1.653338e-02
1.257626e-04 1.652444e-02
1.257895e-04 1.639232e-02
1.258164e-04 1.647835e-02
1.258433e-04 1.620514e-02
1.258703e-04 1.613151e-02
1.258972e-04 1.596085e-02
1.259241e-04 1.648533e-02
1.259510e-04 1.594524e-02
1.259779e-04 1.595409e-02
1.260048e-04 1.577069e-02
1.260318e-04 1.554516e-02
1.260587e-04 1.554206e-02
1.260856e-04 1.541186e-02
1.261126e-04 1.560352e-02
1.261395e-04 1.548159e-02
1.261664e-04 1.531081e-02
1.261934e-04 1.508632e-02
1.262203e-04 1.500233e-02
1.262473e-04 1.494779e-02
1.262742e-04 1.489795e-02
1.263012e-04 1.484266e-02
1.263282e-04 1.471657e-02
1.263551e-04 1.469771e-02
1.263821e-04 1.461957e-02
1.264091e-04 1.460076e-02
1.264360e-04 1.470855e-02
1.264630e-04 1.477085e-02
1.264900e-04 1.467413e-02
1.265170e-04 1.467678e-02
1.265439e-04 1.422165e-02
1.265709e-04 1.474260e-02
1.265979e-04 1.478668e-02
1.266249e-04 1.444579e-02
1.266519e-04 1.393357e-02
1.266789e-04 1.487124e-02
1.267059e-04 1.488599e-02
1.267329e-04 1.460771e-02
1.267599e-04 1.439946e-02
1.267869e-04 1.380875e-02
1.268139e-04 1.325047e-02
1.268410e-04 1.294872e-02
1.268680e-04 1.320682e-02
1.268950e-04 1.384732e-02
1.269220e-04 1.443327e-02
1.269490e-04 1.481191e-02
1.269761e-04 1.539235e-02
1.270031e-04 1.558587e-02
1.270301e-04 1.583010e-02
1.270572e-04 1.572081e-02
1.270842e-04 1.615359e-02
1.271113e-04 1.597578e-02
1.271383e-04 1.621354e-02
1.271654e-04 1.623168e-02
1.271924e-04 1.648131e-02
1.272195e-04 1.643908e-02
1.272465e-04 1.656152e-02
1.272736e-04 1.672145e-02
1.273007e-04 1.679460e-02
1.273277e-04 1.687046e-02
1.273548e-04 1.692799e-02
1.273819e-04 1.700359e-02
1.274089e-04 1.713509e-02
1.274360e-04 1.730537e-02
1.274631e-04 1.756479e-02
1.274902e-04 1.764697e-02
1.275173e-04 1.763782e-02
1.275444e-04 1.773544e-02
1.275715e-04 1.780564e-02
1.275986e-04 1.770178e-02
1.276257e-04 1.780043e-02
1.276528e-04 1.781905e-02
1.276799e-04 1.791836e-02
1.277070e-04 1.806157e-02
1.277341e-04 1.796303e-02
1.277612e-04 1.816696e-02
1.277883e-04 1.808924e-02
1.278154e-04 1.798831e-02
1.278425e-04 1.803225e-02
1.278697e-04 1.798356e-02
1.278968e-04 1.783016e-02
1.279239e-04 1.746870e-02
1.279510e-04 1.720599e-02
1.279782e-04 1.729220e-02
1.280053e-04 1.734647e-02
1.280325e-04 1.689747e-02
1.280596e-04 1.654162e-02
1.280867e-04 1.626785e-02
1.281139e-04 1.568997e-02
1.281410e-04 1.535894e-02
1.281682e-04 1.536560e-02
1.281954e-04 1.551121e-02
1.282225e-04 1.580907e-02
1.282497e-04 1.623722e-02
1.282768e-04 1.665668e-02
1.283040e-04 1.689465e-02
1.283312e-04 1.707436e-02
1.283583e-04 1.719031e-02
1.283855e-04 1.725330e-02
1.284127e-04 1.738695e-02
1.284399e-04 1.750986e-02
1.284671e-04 1.759160e-02
1.284942e-04 1.773668e-02
1.285214e-04 1.779941e-02
1.285486e-04 1.770630e-02
1.285758e-04 1.767912e-02
1.286030e-04 1.773408e-02
1.286302e-04 1.763715e-02
1.286574e-04 1.752148e-02
1.286846e-04 1.762654e-02
1.287118e-04 1.764698e-02
1.287390e-04 1.749579e-02
1.287662e-04 1.735127e-02
1.287935e-04 1.728118e-02
1.288207e-04 1.722244e-02
1.288479e-04 1.716311e-02
1.288751e-04 1.720994e-02
1.289023e-04 1.722027e-02
1.289296e-04 1.710666e-02
1.289568e-04 1.717566e-02
1.289840e-04 1.727469e-02
1.290113e-04 1.724347e-02
1.290385e-04 1.727510e-02
1.290657e-04 1.720796e-02
1.290930e-04 1.703843e-02
1.291202e-04 1.694497e-02
1.291475e-04 1.694412e-02
1.291747e-04 1.685285e-02
1.292020e-04 1.675846e-02
1.292292e-04 1.665913e-02
1.292565e-04 1.685308e-02
1.292837e-04 1.709341e-02
1.293110e-04 1.710792e-02
1.293383e-04 1.698413e-02
1.293655e-04 1.706956e-02
1.293928e-04 1.702955e-02
1.294201e-04 1.689041e-02
1.294474e-04 1.670226e-02
1.294746e-04 1.670109e-02
1.295019e-04 1.650993e-02
1.295292e-04 1.636525e-02
1.295565e-04 1.642102e-02
1.295838e-04 1.646250e-02
1.296111e-04 1.635127e-02
1.296383e-04 1.638245e-02
1.296656e-04 1.616790e-02
1.296929e-04 1.614505e-02
1.297202e-04 1.620969e-02
1.297475e-04 1.643003e-02
1.297748e-04 1.656519e-02
1.298022e-04 1.673912e-02
1.298295e-04 1.647178e-02
1.298568e-04 1.617157e-02
1.298841e-04 1.626547e-02
1.299114e-04 1.647679e-02
1.299387e-04 1.629992e-02
1.299660e-04 1.619282e-02
1.299934e-04 1.598396e-02
1.300207e-04 1.587445e-02
1.300480e-04 1.575188e-02
1.300754e-04 1.600548e-02
1.301027e-04 1.602412e-02
1.301300e-04 1.625566e-02
1.301574e-04 1.642940e-02
1.301847e-04 1.627955e-02
1.302120e-04 1.602407e-02
1.302394e-04 1.587227e-02
1.302667e-04 1.583086e-02
1.302941e-04 1.557387e-02
1.303214e-04 1.519038e-02
1.303488e-04 1.481038e-02
1.303762e-04 1.460830e-02
1.304035e-04 1.473508e-02
1.304309e-04 1.510836e-02
1.304582e-04 1.543345e-02
1.304856e-04 1.576799e-02
1.305130e-04 1.579591e-02
1.305403e-04 1.561131e-02
1.305677e-04 1.540021e-02
1.305951e-04 1.482608e-02
1.306225e-04 1.458238e-02
1.306499e-04 1.434444e-02
1.306772e-04 1.463869e-02
1.307046e-04 1.498953e-02
1.307320e-04 1.489403e-02
1.307594e-04 1.479923e-02
1.307868e-04 1.502189e-02
1.308142e-04 1.502997e-02
1.308416e-04 1.513777e-02
1.308690e-04 1.494471e-02
1.308964e-04 1.453392e-02
1.309238e-04 1.413749e-02
1.309512e-04 1.391745e-02
1.309786e-04 1.380210e-02
1.310060e-04 1.385004e-02
1.310334e-04 1.422565e-02
1.310608e-04 1.473463e-02
1.310882e-04 1.513803e-02
1.311157e-04 1.520127e-02
1.311431e-04 1.516400e-02
1.311705e-04 1.475961e-02
1.311979e-04 1.446689e-02
1.312254e-04 1.412620e-02
1.312528e-04 1.397339e-02
1.312802e-04 1.378210e-02
1.313077e-04 1.359993e-02
1.313351e-04 1.350004e-02
1.313625e-04 1.363195e-02
1.313900e-04 1.367555e-02
1.314174e-04 1.357716e-02
1.314449e-04 1.364670e-02
1.314723e-04 1.366550e-02
1.314998e-04 1.388689e-02
1.315272e-04 1.420914e-02
1.315547e-04 1.455962e-02
1.315821e-04 1.474665e-02
1.316096e-04 1.467050e-02
1.316370e-04 1.447586e-02
1.316645e-04 1.451517e-02
1.316920e-04 1.479708e-02
1.317194e-04 1.478282e-02
1.317469e-04 1.461279e-02
1.317744e-04 1.423025e-02
1.318018e-04 1.387603e-02
1.318293e-04 1.344780e-02
1.318568e-04 1.322702e-02
1.318843e-04 1.316810e-02
1.319117e-04 1.306214e-02
1.319392e-04 1.290391e-02
1.319667e-04 1.296916e-02
1.319942e-04 1.309702e-02
1.320217e-04 1.336289e-02
1.320492e-04 1.360246e-02
1.320767e-04 1.376445e-02
1.321042e-04 1.384881e-02
1.321317e-04 1.395970e-02
1.321592e-04 1.385500e-02
1.321867e-04 1.353076e-02
1.322142e-04 1.299794e-02
1.322417e-04 1.261290e-02
1.322692e-04 1.244440e-02
1.322967e-04 1.232566e-02
1.323242e-04 1.253658e-02
1.323517e-04 1.271289e-02
1.323792e-04 1.292188e-02
1.324068e-04 1.332929e-02
1.324343e-04 1.358291e-02
1.324618e-04 1.382520e-02
1.324893e-04 1.371565e-02
1.325169e-04 1.359470e-02
1.325444e-04 1.357514e-02
1.325719e-04 1.347022e-02
1.325994e-04 1.336765e-02
1.326270e-04 1.313382e-02
1.326545e-04 1.295950e-02
1.326821e-04 1.288542e-02
1.327096e-04 1.275461e-02
1.327371e-04 1.251217e-02
1.327647e-04 1.225011e-02
1.327922e-04 1.182519e-02
1.328198e-04 1.149162e-02
1.328473e-04 1.141444e-02
1.328749e-04 1.170641e-02
1.329024e-04 1.213455e-02
1.329300e-04 1.231066e-02
1.329575e-04 1.256724e-02
1.329851e-04 1.279783e-02
1.330127e-04 1.254986e-02
1.330402e-04 1.210913e-02
1.330678e-04 1.177086e-02
1.330954e-04 1.147342e-02
1.331229e-04 1.161190e-02
1.331505e-04 1.221443e-02
1.331781e-04 1.313375e-02
1.332056e-04 1.414907e-02
1.332332e-04 1.519101e-02
1.332608e-04 1.585252e-02
1.332884e-04 1.598922e-02
1.333160e-04 1.630548e-02
1.333435e-04 1.719231e-02
1.333711e-04 1.859129e-02
1.333987e-04 2.016038e-02
1.334263e-04 2.186867e-02
1.334539e-04 2.369179e-02
1.334815e-04 2.494052e-02
1.335091e-04 2.561506e-02
1.335367e-04 2.582675e-02
1.335643e-04 2.700031e-02
1.335919e-04 2.898872e-02
1.336195e-04 3.029401e-02
1.336471e-04 3.117006e-02
1.336747e-04 3.177300e-02
1.337023e-04 3.296661e-02
1.337299e-04 3.491890e-02
1.337575e-04 3.818236e-02
1.337851e-04 4.200888e-02
1.338128e-04 4.539695e-02
1.338404e-04 4.797448e-02
1.338680e-04 5.067993e-02
1.338956e-04 5.369926e-02
1.339232e-04 5.512868e-02
1.339509e-04 5.476288e-02
1.339785e-04 5.523327e-02
1.340061e-04 5.794614e-02
1.340337e-04 6.173151e-02
1.340614e-04 6.630268e-02
1.340890e-04 7.146579e-02
1.341166e-04 7.852300e-02
1.341443e-04 8.537545e-02
1.341719e-04 9.290392e-02
1.341995e-04 9.811358e-02
1.342272e-04 1.001334e-01
1.342548e-04 1.023376e-01
1.342825e-04 1.023060e-01
1.343101e-04 9.826684e-02
1.343378e-04 9.207153e-02
1.343654e-04 8.860594e-02
1.343931e-04 9.022520e-02
1.344207e-04 9.823014e-02
1.344484e-04 1.100913e-01
1.344760e-04 1.215938e-01
1.345037e-04 1.279603e-01
1.345314e-04 1.309901e-01
1.345590e-04 1.340957e-01
1.345867e-04 1.368566e-01
1.346143e-04 1.397049e-01
1.346420e-04 1.424337e-01
1.346697e-04 1.399322e-01
1.346974e-04 1.302596e-01
1.347250e-04 1.202865e-01
1.347527e-04 1.121578e-01
1.347804e-04 1.083341e-01
1.348080e-04 1.151079e-01
1.348357e-04 1.298336e-01
1.348634e-04 1.501665e-01
1.348911e-04 1.679783e-01
1.349188e-04 1.729263e-01
1.349465e-04 1.696634e-01
1.349741e-04 1.614723e-01
1.350018e-04 1.548069e-01
1.350295e-04 1.492505e-01
1.350572e-04 1.494242e-01
1.350849e-04 1.552484e-01
1.351126e-04 1.622551e-01
1.351403e-04 1.673411e-01
1.351680e-04 1.657044e-01
1.351957e-04 1.735624e-01
1.352234e-04 1.810216e-01
1.352511e-04 1.848319e-01
1.352788e-04 1.870185e-01
1.353065e-04 1.911481e-01
1.353342e-04 1.990451e-01
1.353619e-04 2.064876e-01
1.353896e-04 2.147112e-01
1.354173e-04 2.235516e-01
1.354450e-04 2.309431e-01
1.354728e-04 2.416964e-01
1.355005e-04 2.610680e-01
1.355282e-04 2.623886e-01
1.355559e-04 2.690350e-01
1.355836e-04 2.754413e-01
1.356114e-04 2.873303e-01
1.356391e-04 2.979967e-01
1.356668e-04 3.212818e-01
1.356945e-04 3.343889e-01
1.357223e-04 3.449593e-01
1.357500e-04 3.414812e-01
1.357777e-04 3.490998e-01
1.358055e-04 3.669471e-01
1.358332e-04 3.691488e-01
1.358609e-04 3.929328e-01
1.358887e-04 4.148678e-01
1.359164e-04 4.263638e-01
1.359441e-04 4.333703e-01
1.359719e-04 4.353258e-01
1.359996e-04 4.341839e-01
1.360274e-04 4.534851e-01
1.360551e-04 4.828274e-01
1.360829e-04 5.110306e-01
1.361106e-04 1.003947e+00
1.361384e-04 5.517317e-01
1.361661e-04 5.540424e-01
1.361939e-04 5.593589e-01
1.362216e-04 5.797521e-01
1.362494e-04 6.156230e-01
1.362771e-04 6.553158e-01
1.363049e-04 7.008881e-01
1.363326e-04 7.575843e-01
1.363604e-04 7.985183e-01
1.363882e-04 8.533459e-01
1.364159e-04 8.784356e-01
1.364437e-04 8.777134e-01
1.364715e-04 8.572904e-01
1.364992e-04 8.428118e-01
1.365270e-04 8.562629e-01
1.365548e-04 8.465464e-01
1.365825e-04 8.535041e-01
1.366103e-04 8.788677e-01
1.366381e-04 9.292094e-01
1.366659e-04 9.685619e-01
1.366936e-04 1.048854e+00
1.367214e-04 1.050269e+00
1.367492e-04 9.968484e-01
1.367770e-04 9.983053e-01
1.368048e-04 9.894719e-01
1.368325e-04 1.111792e+00
1.368603e-04 1.264132e+00
1.368881e-04 1.476970e+00
1.369159e-04 1.601083e+00
1.369437e-04 1.560105e+00
1.369715e-04 1.531300e+00
1.369993e-04 1.530539e+00
1.370271e-04 1.429331e+00
1.370549e-04 1.323258e+00
1.370827e-04 1.232127e+00
1.371105e-04 1.188755e+00
1.371383e-04 1.226671e+00
1.371661e-04 1.230092e+00
1.371939e-04 1.223695e+00
1.372217e-04 1.336095e+00
1.372495e-04 1.590927e+00
1.372773e-04 1.938972e+00
1.373051e-04 2.243648e+00
1.373329e-04 1.950451e+00
1.373607e-04 1.717557e+00
1.373885e-04 1.551746e+00
1.374163e-04 1.576329e+00
1.374441e-04 1.766181e+00
1.374719e-04 1.974047e+00
1.374997e-04 2.295392e+00
1.375276e-04 2.378055e+00
1.375554e-04 2.411753e+00
1.375832e-04 2.470144e+00
1.376110e-04 2.409649e+00
1.376388e-04 2.206962e+00
1.376666e-04 2.076295e+00
1.376945e-04 1.988296e+00
1.377223e-04 2.170683e+00
1.377501e-04 2.493994e+00
1.377779e-04 2.966909e+00
1.378058e-04 3.495631e+00
1.378336e-04 3.546494e+00
1.378614e-04 3.556372e+00
1.378893e-04 3.679381e+00
1.379171e-04 3.663501e+00
1.379449e-04 3.552834e+00
1.379728e-04 3.456066e+00
1.380006e-04 3.374575e+00
1.380284e-04 3.544154e+00
1.380563e-04 3.580291e+00
1.380841e-04 3.697353e+00
1.381119e-04 4.169551e+00
1.381398e-04 5.528004e+00
1.381676e-04 8.300481e+00
1.381955e-04 1.703931e+01
1.382233e-04 6.358613e+00
1.382511e-04 3.454917e+00
1.382790e-04 2.349648e+00
1.383068e-04 2.008065e+00
1.383347e-04 2.572349e+00
1.383625e-04 3.495328e+00
1.383904e-04 5.664300e+00
1.384182e-04 5.177287e+00
1.384461e-04 3.579192e+00
1.384739e-04 2.723730e+00
1.385018e-04 2.252333e+00
1.385297e-04 2.560852e+00
1.385575e-04 2.963407e+00
1.385854e-04 3.555904e+00
1.386132e-04 3.727211e+00
1.386411e-04 3.280878e+00
1.386689e-04 2.934472e+00
1.386968e-04 2.620473e+00
1.387247e-04 2.830054e+00
1.387525e-04 3.208766e+00
1.387804e-04 3.635012e+00
1.388083e-04 3.930585e+00
1.388361e-04 3.627952e+00
1.388640e-04 3.345773e+00
1.388919e-04 3.098356e+00
1.389197e-04 3.665761e+00
1.389476e-04 5.138980e+00
1.389755e-04 8.513133e+00
1.390033e-04 1.747069e+01
1.390312e-04 8.573904e+00
1.390591e-04 5.807642e+00
1.390870e-04 4.315771e+00
1.391148e-04 3.728121e+00
1.391427e-04 3.673695e+00
1.391706e-04 3.611615e+00
1.391985e-04 3.611994e+00
1.392264e-04 3.821668e+00
1.392542e-04 4.027593e+00
1.392821e-04 4.330255e+00
1.393100e-04 4.810300e+00
1.393379e-04 5.962492e+00
1.393658e-04 8.210505e+00
1.393937e-04 1.243723e+01
1.394215e-04 1.489364e+01
1.394494e-04 1.617051e+01
1.394773e-04 1.733363e+01
1.395052e-04 1.824099e+01
1.395331e-04 1.630302e+01
1.395610e-04 1.482872e+01
1.395889e-04 1.380412e+01
1.396168e-04 1.456039e+01
1.396447e-04 1.713563e+01
1.396726e-04 2.060034e+01
1.397005e-04 2.526436e+01
1.397284e-04 1.620461e+01
1.397563e-04 1.187501e+01
1.397841e-04 9.425417e+00
1.398120e-04 9.757124e+00
1.398399e-04 1.666350e+01
1.398678e-04 6.973932e+01
1.398957e-04 -2.919072e+01
1.399236e-04 -8.579563e+01
1.399516e-04 3.957357e+01
1.399795e-04 1.605080e+01
1.400074e-04 1.125760e+01
1.400353e-04 1.141341e+01
1.400632e-04 1.140889e+01
1.400911e-04 1.177227e+01
1.401190e-04 1.230038e+01
1.401469e-04 1.309683e+01
1.401748e-04 1.367764e+01
1.402027e-04 1.391159e+01
1.402306e-04 1.381839e+01
1.402585e-04 1.357735e+01
1.402864e-04 1.302257e+01
1.403144e-04 1.235277e+01
1.403423e-04 1.212373e+01
1.403702e-04 1.181744e+01
1.403981e-04 1.184998e+01
1.404260e-04 1.177707e+01
1.404539e-04 1.204457e+01
1.404818e-04 1.218168e+01
1.405098e-04 1.239227e+01
1.405377e-04 1.251919e+01
1.405656e-04 1.277854e+01
1.405935e-04 1.272360e+01
1.406214e-04 1.255204e+01
1.406494e-04 1.267255e+01
1.406773e-04 1.255983e+01
1.407052e-04 1.260349e+01
1.407331e-04 1.274429e+01
1.407611e-04 1.307260e+01
1.407890e-04 1.299575e+01
1.408169e-04 1.294417e+01
1.408448e-04 1.261520e+01
1.408728e-04 1.262414e+01
1.409007e-04 1.251549e+01
1.409286e-04 1.235087e+01
1.409565e-04 1.270286e+01
1.409845e-04 1.291165e+01
1.410124e-04 1.336871e+01
1.410403e-04 1.350919e+01
1.410683e-04 1.382926e+01
1.410962e-04 1.445612e+01
1.411241e-04 1.498083e+01
1.411521e-04 1.586124e+01
1.411800e-04 1.739620e+01
1.412079e-04 1.846907e+01
1.412359e-04 1.903721e+01
1.412638e-04 1.870990e+01
1.412917e-04 1.782343e+01
1.413197e-04 1.665939e+01
1.413476e-04 1.543221e+01
1.413756e-04 1.444774e+01
1.414035e-04 1.389901e+01
1.414314e-04 1.390550e+01
1.414594e-04 1.473489e+01
1.414873e-04 1.601013e+01
1.415153e-04 1.771504e+01
1.415432e-04 1.975009e+01
1.415711e-04 2.052460e+01
1.415991e-04 2.039268e+01
1.416270e-04 1.981628e+01
1.416550e-04 1.910209e+01
1.416829e-04 1.858257e+01
1.417109e-04 1.816439e+01
1.417388e-04 1.758819e+01
1.417668e-04 1.740142e+01
1.417947e-04 1.718264e+01
1.418226e-04 1.684295e+01
1.418506e-04 1.643096e+01
1.418785e-04 1.622859e+01
1.419065e-04 1.615128e+01
1.419344e-04 1.657823e+01
1.419624e-04 1.729958e+01
1.419903e-04 1.792226e+01
1.420183e-04 1.916442e+01
1.420462e-04 2.038937e+01
1.420742e-04 2.162830e+01
1.421021e-04 2.292738e+01
1.421301e-04 2.278674e+01
1.421581e-04 2.452497e+01
1.421860e-04 2.425427e+01
1.422140e-04 2.322628e+01
1.422419e-04 2.216279e+01
1.422699e-04 2.142696e+01
1.422978e-04 2.141966e+01
1.423258e-04 2.197637e+01
1.423537e-04 2.307199e+01
1.423817e-04 2.460197e+01
1.424097e-04 2.533768e+01
1.424376e-04 2.529327e+01
1.424656e-04 2.563006e+01
1.424935e-04 2.590770e+01
1.425215e-04 2.635853e+01
1.425494e-04 2.756826e+01
1.425774e-04 2.827018e+01
1.426054e-04 2.846606e+01
1.426333e-04 2.795545e+01
1.426613e-04 2.679832e+01
1.426892e-04 2.559335e+01
1.427172e-04 2.391074e+01
1.427452e-04 2.308616e+01
1.427731e-04 2.322942e+01
1.428011e-04 2.471942e+01
1.428291e-04 2.683227e+01
1.428570e-04 2.936608e+01
1.428850e-04 3.168857e+01
1.429129e-04 3.422287e+01
1.429409e-04 3.664157e+01
1.429689e-04 3.742222e+01
1.429968e-04 3.737783e+01
1.430248e-04 3.657715e+01
1.430528e-04 3.428893e+01
1.430807e-04 3.193500e+01
1.431087e-04 2.964063e+01
1.431367e-04 2.821688e+01
1.431646e-04 2.842803e+01
1.431926e-04 2.928414e+01
1.432206e-04 3.129735e+01
1.432485e-04 3.275492e+01
1.432765e-04 3.355785e+01
1.433045e-04 3.324486e+01
1.433324e-04 3.356258e+01
1.433604e-04 3.376775e+01
1.433884e-04 3.406575e+01
1.434164e-04 3.538796e+01
1.434443e-04 3.673787e+01
1.434723e-04 3.820657e+01
1.435003e-04 3.951786e+01
1.435282e-04 4.009716e+01
1.435562e-04 4.028083e+01
1.435842e-04 4.060185e+01
1.436121e-04 4.064672e+01
1.436401e-04 3.989136e+01
1.436681e-04 3.950737e+01
1.436961e-04 4.001892e+01
1.437240e-04 4.061856e+01
1.437520e-04 4.209630e+01
1.437800e-04 4.387394e+01
1.438080e-04 4.524684e+01
1.438359e-04 4.632987e+01
