1.205068e-04 5.519828e+11
1.205329e-04 5.683404e+11
1.205591e-04 6.090733e+11
1.205853e-04 8.061338e+11
1.206115e-04 5.929385e+11
1.206376e-04 6.187521e+11
1.206638e-04 6.978844e+11
1.206900e-04 6.327679e+11
1.207162e-04 6.345407e+11
1.207424e-04 6.395528e+11
1.207686e-04 6.474174e+11
1.207948e-04 6.552131e+11
1.208211e-04 6.729947e+11
1.208473e-04 6.793685e+11
1.208735e-04 6.900248e+11
1.208997e-04 7.085534e+11
1.209260e-04 7.305890e+11
1.209522e-04 7.361104e+11
1.209784e-04 7.545986e+11
1.210047e-04 7.639885e+11
1.210309e-04 7.755784e+11
1.210572e-04 7.901660e+11
1.210834e-04 8.058198e+11
1.211097e-04 8.013220e+11
1.211359e-04 8.317628e+11
1.211622e-04 8.217731e+11
1.211885e-04 8.589258e+11
1.212148e-04 8.604125e+11
1.212410e-04 8.683550e+11
1.212673e-04 8.708190e+11
1.212936e-04 8.924793e+11
1.213199e-04 8.879477e+11
1.213462e-04 8.930593e+11
1.213725e-04 9.145290e+11
1.213988e-04 9.229182e+11
1.214251e-04 8.903613e+11
1.214514e-04 9.194225e+11
1.214777e-04 9.299801e+11
1.215041e-04 9.300902e+11
1.215304e-04 9.488420e+11
1.215567e-04 9.647874e+11
1.215830e-04 9.665050e+11
1.216094e-04 9.580952e+11
1.216357e-04 9.781428e+11
1.216621e-04 1.054131e+12
1.216884e-04 9.989340e+11
1.217148e-04 9.987843e+11
1.217411e-04 9.507959e+11
1.217675e-04 9.932814e+11
1.217938e-04 9.896651e+11
1.218202e-04 9.968187e+11
1.218466e-04 9.887223e+11
1.218729e-04 1.004350e+12
1.218993e-04 1.023843e+12
1.219257e-04 1.002584e+12
1.219521e-04 1.016088e+12
1.219785e-04 1.010869e+12
1.220049e-04 1.017659e+12
1.220313e-04 1.007295e+12
1.220577e-04 1.001770e+12
1.220841e-04 9.952782e+11
1.221105e-04 1.027045e+12
1.221369e-04 1.028406e+12
1.221633e-04 1.016405e+12
1.221897e-04 1.024276e+12
1.222162e-04 1.019613e+12
1.222426e-04 1.007877e+12
1.222690e-04 1.023710e+12
1.222955e-04 1.027298e+12
1.223219e-04 1.030095e+12
1.223484e-04 1.021554e+12
1.223748e-04 1.017511e+12
1.224013e-04 1.023388e+12
1.224277e-04 1.032781e+12
1.224542e-04 1.035261e+12
1.224806e-04 1.044022e+12
1.225071e-04 1.034032e+12
1.225336e-04 1.033568e+12
1.225600e-04 1.042172e+12
1.225865e-04 1.037436e+12
1.226130e-04 1.044169e+12
1.226395e-04 1.033886e+12
1.226660e-04 1.029807e+12
1.226925e-04 1.040428e+12
1.227190e-04 1.039838e+12
1.227455e-04 1.035223e+12
1.227720e-04 1.259247e+12
1.227985e-04 1.171625e+12
1.228250e-04 1.048133e+12
1.228515e-04 1.042554e+12
1.228780e-04 1.035441e+12
1.229046e-04 1.035647e+12
1.229311e-04 1.038517e+12
1.229576e-04 1.052214e+12
1.229842e-04 1.037536e+12
1.230107e-04 1.059039e+12
1.230372e-04 1.859985e+12
1.230638e-04 1.684004e+12
1.230903e-04 1.064216e+12
1.231169e-04 1.049009e+12
1.231434e-04 1.043361e+12
1.231700e-04 1.038579e+12
1.231966e-04 1.033525e+12
1.232231e-04 1.028740e+12
1.232497e-04 1.037737e+12
1.232763e-04 1.046496e+12
1.233029e-04 1.052076e+12
1.233294e-04 1.061783e+12
1.233560e-04 1.058289e+12
1.233826e-04 1.052937e+12
1.234092e-04 1.052074e+12
1.234358e-04 1.043341e+12
1.234624e-04 1.043404e+12
1.234890e-04 1.045339e+12
1.235156e-04 1.040443e+12
1.235422e-04 1.045370e+12
1.235689e-04 1.053867e+12
1.235955e-04 1.053148e+12
1.236221e-04 1.047508e+12
1.236487e-04 1.034417e+12
1.236753e-04 1.023353e+12
1.237020e-04 1.027088e+12
1.237286e-04 1.037955e+12
1.237553e-04 1.048251e+12
1.237819e-04 1.040153e+12
1.238085e-04 1.047922e+12
1.238352e-04 1.050972e+12
1.238619e-04 1.037496e+12
1.238885e-04 1.027641e+12
1.239152e-04 1.072924e+12
1.239418e-04 1.104833e+12
1.239685e-04 1.047016e+12
1.239952e-04 1.034685e+12
1.240219e-04 1.036698e+12
1.240485e-04 1.046064e+12
1.240752e-04 1.038538e+12
1.241019e-04 1.044068e+12
1.241286e-04 1.024473e+12
1.241553e-04 1.030067e+12
1.241820e-04 1.028195e+12
1.242087e-04 1.023911e+12
1.242354e-04 1.035133e+12
1.242621e-04 1.035832e+12
1.242888e-04 1.026534e+12
1.243155e-04 1.026592e+12
1.243422e-04 1.030132e+12
1.243690e-04 1.030726e+12
1.243957e-04 1.033696e+12
1.244224e-04 1.165061e+12
1.244491e-04 1.379671e+12
1.244759e-04 1.039897e+12
1.245026e-04 1.027124e+12
1.245294e-04 1.022531e+12
1.245561e-04 1.017814e+12
1.245829e-04 1.025748e+12
1.246096e-04 1.021948e+12
1.246364e-04 1.025594e+12
1.246631e-04 1.027474e+12
1.246899e-04 1.007914e+12
1.247167e-04 1.013012e+12
1.247434e-04 1.015386e+12
1.247702e-04 1.011254e+12
1.247970e-04 1.022682e+12
1.248237e-04 1.023793e+12
1.248505e-04 1.029636e+12
1.248773e-04 1.015146e+12
1.249041e-04 1.024336e+12
1.249309e-04 1.026196e+12
1.249577e-04 1.027808e+12
1.249845e-04 1.019481e+12
1.250113e-04 1.012459e+12
1.250381e-04 1.013663e+12
1.250649e-04 1.012964e+12
1.250917e-04 1.002012e+12
1.251185e-04 1.006859e+12
1.251454e-04 1.021198e+12
1.251722e-04 1.024549e+12
1.251990e-04 1.006353e+12
1.252258e-04 1.027643e+12
1.252527e-04 1.009435e+12
1.252795e-04 9.982394e+11
1.253063e-04 9.962926e+11
1.253332e-04 9.958975e+11
1.253600e-04 1.017402e+12
1.253869e-04 1.015191e+12
1.254137e-04 1.002673e+12
1.254406e-04 9.959497e+11
1.254674e-04 9.433325e+11
1.254943e-04 9.873267e+11
1.255212e-04 1.002195e+12
1.255480e-04 1.011145e+12
1.255749e-04 9.961423e+11
1.256018e-04 9.893250e+11
1.256287e-04 9.861322e+11
1.256556e-04 9.238786e+11
1.256824e-04 9.679467e+11
1.257093e-04 9.698385e+11
1.257362e-04 9.797473e+11
1.257631e-04 9.537136e+11
1.257900e-04 9.674727e+11
1.258169e-04 9.741740e+11
1.258438e-04 1.465224e+12
1.258707e-04 1.009686e+12
1.258976e-04 9.683821e+11
1.259245e-04 9.469376e+11
1.259515e-04 9.461293e+11
1.259784e-04 9.545041e+11
1.260053e-04 9.432097e+11
1.260322e-04 9.519335e+11
1.260592e-04 9.398314e+11
1.260861e-04 9.267266e+11
1.261130e-04 9.164484e+11
1.261400e-04 9.160756e+11
1.261669e-04 9.042691e+11
1.261938e-04 9.186660e+11
1.262208e-04 8.856672e+11
1.262477e-04 8.846555e+11
1.262747e-04 8.984056e+11
1.263017e-04 9.097657e+11
1.263286e-04 8.782173e+11
1.263556e-04 8.739960e+11
1.263826e-04 8.906985e+11
1.264095e-04 8.941688e+11
1.264365e-04 9.650950e+11
1.264635e-04 9.226523e+11
1.264904e-04 9.024617e+11
1.265174e-04 8.964712e+11
1.265444e-04 9.012063e+11
1.265714e-04 9.007875e+11
1.265984e-04 8.970203e+11
1.266254e-04 9.057235e+11
1.266524e-04 9.120164e+11
1.266794e-04 9.144002e+11
1.267064e-04 9.086883e+11
1.267334e-04 8.990152e+11
1.267604e-04 8.835917e+11
1.267874e-04 8.666051e+11
1.268144e-04 8.868619e+11
1.268415e-04 8.728750e+11
1.268685e-04 8.689755e+11
1.268955e-04 8.638337e+11
1.269225e-04 8.823334e+11
1.269496e-04 9.120143e+11
1.269766e-04 9.174995e+11
1.270036e-04 9.209981e+11
1.270307e-04 9.397976e+11
1.270577e-04 9.547369e+11
1.270848e-04 9.468067e+11
1.271118e-04 9.428805e+11
1.271389e-04 9.477487e+11
1.271659e-04 9.562183e+11
1.271930e-04 9.560933e+11
1.272200e-04 9.484244e+11
1.272471e-04 9.492690e+11
1.272742e-04 9.555925e+11
1.273012e-04 9.564695e+11
1.273283e-04 9.621135e+11
1.273554e-04 9.619777e+11
1.273824e-04 9.647535e+11
1.274095e-04 9.708506e+11
1.274366e-04 9.679473e+11
1.274637e-04 9.720601e+11
1.274908e-04 9.568551e+11
1.275179e-04 9.569012e+11
1.275450e-04 9.718634e+11
1.275721e-04 9.321215e+11
1.275992e-04 9.431966e+11
1.276263e-04 9.564991e+11
1.276534e-04 9.718029e+11
1.276805e-04 9.709857e+11
1.277076e-04 9.594375e+11
1.277347e-04 9.620945e+11
1.277618e-04 9.533717e+11
1.277890e-04 9.482404e+11
1.278161e-04 9.356772e+11
1.278432e-04 9.401975e+11
1.278703e-04 9.512809e+11
1.278975e-04 9.374927e+11
1.279246e-04 9.246000e+11
1.279517e-04 9.108395e+11
1.279789e-04 9.007720e+11
1.280060e-04 8.944474e+11
1.280332e-04 8.913749e+11
1.280603e-04 8.791285e+11
1.280875e-04 8.716077e+11
1.281146e-04 8.560125e+11
1.281418e-04 8.397429e+11
1.281689e-04 8.341176e+11
1.281961e-04 8.287306e+11
1.282233e-04 8.253154e+11
1.282504e-04 8.347708e+11
1.282776e-04 8.480055e+11
1.283048e-04 8.584554e+11
1.283320e-04 8.802734e+11
1.283591e-04 8.788588e+11
1.283863e-04 8.793902e+11
1.284135e-04 8.941206e+11
1.284407e-04 9.038076e+11
1.284679e-04 9.047942e+11
1.284951e-04 9.152380e+11
1.285223e-04 9.189839e+11
1.285495e-04 9.320758e+11
1.285767e-04 9.311071e+11
1.286039e-04 9.309330e+11
1.286311e-04 9.428852e+11
1.286583e-04 9.500688e+11
1.286855e-04 9.457825e+11
1.287127e-04 9.489374e+11
1.287399e-04 9.435203e+11
1.287672e-04 9.481222e+11
1.287944e-04 9.522606e+11
1.288216e-04 9.461502e+11
1.288488e-04 9.473294e+11
1.288761e-04 9.675096e+11
1.289033e-04 9.792255e+11
1.289305e-04 9.712883e+11
1.289578e-04 9.605612e+11
1.289850e-04 9.579879e+11
1.290122e-04 9.494072e+11
1.290395e-04 9.540130e+11
1.290667e-04 9.622034e+11
1.290940e-04 9.594243e+11
1.291212e-04 9.600401e+11
1.291485e-04 9.362521e+11
1.291758e-04 9.413265e+11
1.292030e-04 9.514391e+11
1.292303e-04 9.591535e+11
1.292576e-04 9.642793e+11
1.292848e-04 9.658871e+11
1.293121e-04 9.564757e+11
1.293394e-04 9.472103e+11
1.293666e-04 9.392248e+11
1.293939e-04 9.370810e+11
1.294212e-04 9.425114e+11
1.294485e-04 9.566667e+11
1.294758e-04 9.494810e+11
1.295031e-04 9.379768e+11
1.295304e-04 9.528368e+11
1.295577e-04 9.483837e+11
1.295850e-04 9.372081e+11
1.296123e-04 9.351854e+11
1.296396e-04 9.262677e+11
1.296669e-04 9.380185e+11
1.296942e-04 9.219033e+11
1.297215e-04 9.158349e+11
1.297488e-04 9.284309e+11
1.297761e-04 9.467529e+11
1.298034e-04 9.400990e+11
1.298307e-04 9.207332e+11
1.298581e-04 9.262431e+11
1.298854e-04 9.315101e+11
1.299127e-04 9.451969e+11
1.299400e-04 9.286034e+11
1.299674e-04 9.191553e+11
1.299947e-04 9.073285e+11
1.300221e-04 9.267176e+11
1.300494e-04 9.241753e+11
1.300767e-04 9.188708e+11
1.301041e-04 9.114202e+11
1.301314e-04 9.153744e+11
1.301588e-04 9.221036e+11
1.301861e-04 9.046421e+11
1.302135e-04 9.137244e+11
1.302408e-04 9.066796e+11
1.302682e-04 9.048277e+11
1.302956e-04 9.033243e+11
1.303229e-04 9.083932e+11
1.303503e-04 8.987607e+11
1.303777e-04 9.006234e+11
1.304050e-04 9.105786e+11
1.304324e-04 8.842376e+11
1.304598e-04 9.031812e+11
1.304871e-04 9.136678e+11
1.305145e-04 9.097996e+11
1.305419e-04 9.023203e+11
1.305693e-04 8.970201e+11
1.305967e-04 8.729257e+11
1.306241e-04 8.887408e+11
1.306515e-04 1.314941e+12
1.306789e-04 9.063944e+11
1.307063e-04 8.936277e+11
1.307337e-04 8.940205e+11
1.307611e-04 8.783108e+11
1.307885e-04 8.686327e+11
1.308159e-04 8.700528e+11
1.308433e-04 8.800157e+11
1.308707e-04 8.896220e+11
1.308981e-04 8.655882e+11
1.309255e-04 8.597681e+11
1.309529e-04 8.545668e+11
1.309803e-04 8.684349e+11
1.310078e-04 8.698372e+11
1.310352e-04 8.737656e+11
1.310626e-04 1.351090e+12
1.310900e-04 9.402694e+11
1.311175e-04 8.818523e+11
1.311449e-04 8.649233e+11
1.311723e-04 8.584101e+11
1.311998e-04 8.537004e+11
1.312272e-04 8.630838e+11
1.312547e-04 8.397155e+11
1.312821e-04 8.345702e+11
1.313095e-04 8.281923e+11
1.313370e-04 8.119413e+11
1.313644e-04 8.343068e+11
1.313919e-04 8.413863e+11
1.314194e-04 8.445389e+11
1.314468e-04 8.392100e+11
1.314743e-04 8.387419e+11
1.315017e-04 8.372639e+11
1.315292e-04 8.420895e+11
1.315567e-04 8.361415e+11
1.315841e-04 8.391429e+11
1.316116e-04 8.356946e+11
1.316391e-04 8.297740e+11
1.316665e-04 8.331682e+11
1.316940e-04 8.276554e+11
1.317215e-04 8.443589e+11
1.317490e-04 9.138518e+11
1.317765e-04 8.754638e+11
1.318039e-04 8.311143e+11
1.318314e-04 8.246902e+11
1.318589e-04 8.071868e+11
1.318864e-04 8.042452e+11
1.319139e-04 8.074171e+11
1.319414e-04 8.057223e+11
1.319689e-04 8.033110e+11
1.319964e-04 7.921454e+11
1.320239e-04 8.016268e+11
1.320514e-04 8.068132e+11
1.320789e-04 8.131071e+11
1.321064e-04 8.180172e+11
1.321339e-04 8.565359e+11
1.321614e-04 8.329061e+11
1.321890e-04 8.078144e+11
1.322165e-04 8.057509e+11
1.322440e-04 8.022293e+11
1.322715e-04 8.001060e+11
1.322990e-04 7.937781e+11
1.323266e-04 8.043078e+11
1.323541e-04 8.059975e+11
1.323816e-04 7.988593e+11
1.324091e-04 8.069186e+11
1.324367e-04 8.158228e+11
1.324642e-04 8.299438e+11
1.324917e-04 8.174603e+11
1.325193e-04 8.081376e+11
1.325468e-04 8.036874e+11
1.325744e-04 8.067763e+11
1.326019e-04 8.142294e+11
1.326295e-04 8.219503e+11
1.326570e-04 8.084291e+11
1.326846e-04 7.873128e+11
1.327121e-04 7.826723e+11
1.327397e-04 7.730126e+11
1.327672e-04 7.671562e+11
1.327948e-04 7.530774e+11
1.328223e-04 7.345000e+11
1.328499e-04 7.417587e+11
1.328775e-04 7.578164e+11
1.329050e-04 7.609822e+11
1.329326e-04 7.618429e+11
1.329602e-04 7.681387e+11
1.329877e-04 7.682413e+11
1.330153e-04 7.569893e+11
1.330429e-04 7.425181e+11
1.330705e-04 7.228970e+11
1.330980e-04 7.111477e+11
1.331256e-04 7.173202e+11
1.331532e-04 7.293932e+11
1.331808e-04 7.315611e+11
1.332084e-04 7.235267e+11
1.332360e-04 7.260000e+11
1.332636e-04 7.256764e+11
1.332911e-04 7.233128e+11
1.333187e-04 7.333549e+11
1.333463e-04 7.373626e+11
1.333739e-04 7.257401e+11
1.334015e-04 7.264575e+11
1.334291e-04 7.315273e+11
1.334567e-04 7.308252e+11
1.334843e-04 7.251797e+11
1.335120e-04 7.076615e+11
1.335396e-04 7.095742e+11
1.335672e-04 7.198459e+11
1.335948e-04 7.231778e+11
1.336224e-04 7.251932e+11
1.336500e-04 7.101723e+11
1.336776e-04 7.114651e+11
1.337053e-04 7.258604e+11
1.337329e-04 7.121843e+11
1.337605e-04 7.004304e+11
1.337881e-04 7.098412e+11
1.338157e-04 7.112399e+11
1.338434e-04 7.208191e+11
1.338710e-04 7.228806e+11
1.338986e-04 8.177055e+11
1.339263e-04 1.050417e+12
1.339539e-04 7.583583e+11
1.339815e-04 6.901446e+11
1.340092e-04 6.754152e+11
1.340368e-04 6.757018e+11
1.340645e-04 6.891909e+11
1.340921e-04 7.008856e+11
1.341198e-04 6.988368e+11
1.341474e-04 6.976534e+11
1.341751e-04 6.909022e+11
1.342027e-04 6.990206e+11
1.342304e-04 7.011385e+11
1.342580e-04 6.859648e+11
1.342857e-04 6.762277e+11
1.343133e-04 6.556670e+11
1.343410e-04 6.516873e+11
1.343686e-04 6.054895e+11
1.343963e-04 5.776674e+11
1.344240e-04 5.881774e+11
1.344516e-04 5.852411e+11
1.344793e-04 5.887689e+11
1.345070e-04 6.198450e+11
1.345346e-04 6.093879e+11
1.345623e-04 5.987808e+11
1.345900e-04 5.881189e+11
1.346177e-04 5.865392e+11
1.346453e-04 5.589519e+11
1.346730e-04 5.618258e+11
1.347007e-04 5.461982e+11
1.347284e-04 4.940279e+11
1.347561e-04 4.674775e+11
1.347838e-04 4.499384e+11
1.348114e-04 4.632079e+11
1.348391e-04 4.633303e+11
1.348668e-04 4.859507e+11
1.348945e-04 4.865815e+11
1.349222e-04 4.919416e+11
1.349499e-04 4.909063e+11
1.349776e-04 4.722247e+11
1.350053e-04 4.413711e+11
1.350330e-04 4.130695e+11
1.350607e-04 4.128101e+11
1.350884e-04 4.241229e+11
1.351161e-04 4.221882e+11
1.351438e-04 4.042999e+11
1.351715e-04 4.010849e+11
1.351992e-04 3.933698e+11
1.352269e-04 4.076556e+11
1.352546e-04 3.743701e+11
1.352824e-04 3.576613e+11
1.353101e-04 3.441633e+11
1.353378e-04 3.257417e+11
1.353655e-04 3.111557e+11
1.353932e-04 3.051216e+11
1.354209e-04 2.893922e+11
1.354487e-04 2.759342e+11
1.354764e-04 2.685519e+11
1.355041e-04 2.770984e+11
1.355318e-04 2.784624e+11
1.355596e-04 2.783457e+11
1.355873e-04 2.893669e+11
1.356150e-04 3.142179e+11
1.356428e-04 2.884921e+11
1.356705e-04 2.979414e+11
1.356982e-04 2.803120e+11
1.357260e-04 2.610320e+11
1.357537e-04 2.518835e+11
1.357814e-04 2.560252e+11
1.358092e-04 2.516496e+11
1.358369e-04 2.488569e+11
1.358647e-04 2.457286e+11
1.358924e-04 2.371572e+11
1.359202e-04 2.356021e+11
1.359479e-04 2.293353e+11
1.359757e-04 2.375092e+11
1.360034e-04 4.251927e+11
1.360312e-04 2.659289e+11
1.360589e-04 2.193111e+11
1.360867e-04 1.964594e+11
1.361144e-04 1.954676e+11
1.361422e-04 1.848388e+11
1.361699e-04 1.913844e+11
1.361977e-04 1.979502e+11
1.362255e-04 2.044326e+11
1.362532e-04 2.306300e+11
1.362810e-04 2.356452e+11
1.363088e-04 2.430205e+11
1.363365e-04 2.543904e+11
1.363643e-04 2.266656e+11
1.363921e-04 2.123391e+11
1.364198e-04 1.926930e+11
1.364476e-04 2.025686e+11
1.364754e-04 2.100947e+11
1.365032e-04 2.153585e+11
1.365309e-04 2.281711e+11
1.365587e-04 2.439577e+11
1.365865e-04 2.577814e+11
1.366143e-04 2.513878e+11
1.366420e-04 2.364436e+11
1.366698e-04 2.171164e+11
1.366976e-04 2.024183e+11
1.367254e-04 1.979376e+11
1.367532e-04 1.884491e+11
1.367810e-04 1.816429e+11
1.368088e-04 1.946813e+11
1.368366e-04 1.980422e+11
1.368643e-04 1.989525e+11
1.368921e-04 2.072627e+11
1.369199e-04 2.236507e+11
1.369477e-04 2.247244e+11
1.369755e-04 2.064035e+11
1.370033e-04 1.983437e+11
1.370311e-04 1.980132e+11
1.370589e-04 1.965633e+11
1.370867e-04 4.991115e+11
1.371145e-04 3.997097e+11
1.371423e-04 2.060229e+11
1.371701e-04 2.000587e+11
1.371979e-04 2.168170e+11
1.372257e-04 2.273414e+11
1.372535e-04 2.339162e+11
1.372814e-04 2.464538e+11
1.373092e-04 4.513783e+11
1.373370e-04 3.934548e+11
1.373648e-04 2.605279e+11
1.373926e-04 2.612746e+11
1.374204e-04 2.676106e+11
1.374482e-04 2.686326e+11
1.374760e-04 2.713741e+11
1.375039e-04 2.896778e+11
1.375317e-04 2.910154e+11
1.375595e-04 2.757946e+11
1.375873e-04 2.629907e+11
1.376151e-04 2.600962e+11
1.376430e-04 2.648713e+11
1.376708e-04 2.688457e+11
1.376986e-04 2.783998e+11
1.377264e-04 2.969139e+11
1.377543e-04 3.107542e+11
1.377821e-04 2.933338e+11
1.378099e-04 2.630101e+11
1.378378e-04 2.464934e+11
1.378656e-04 2.457989e+11
1.378934e-04 2.599327e+11
1.379213e-04 2.620485e+11
1.379491e-04 2.557931e+11
1.379769e-04 2.359499e+11
1.380048e-04 2.075263e+11
1.380326e-04 1.877482e+11
1.380604e-04 1.869391e+11
1.380883e-04 1.972621e+11
1.381161e-04 2.008897e+11
1.381440e-04 1.897188e+11
1.381718e-04 1.806864e+11
1.381997e-04 1.791440e+11
1.382275e-04 1.768296e+11
1.382554e-04 1.778474e+11
1.382832e-04 1.755052e+11
1.383110e-04 1.704052e+11
1.383389e-04 1.796728e+11
1.383667e-04 1.978569e+11
1.383946e-04 2.011497e+11
1.384225e-04 1.965405e+11
1.384503e-04 2.055847e+11
1.384782e-04 2.103940e+11
1.385060e-04 2.075646e+11
1.385339e-04 2.176202e+11
1.385617e-04 2.263730e+11
1.385896e-04 2.342698e+11
1.386174e-04 2.296552e+11
1.386453e-04 2.653143e+11
1.386732e-04 2.591203e+11
1.387010e-04 2.596494e+11
1.387289e-04 2.349691e+11
1.387567e-04 2.205721e+11
1.387846e-04 2.240946e+11
1.388125e-04 2.517201e+11
1.388403e-04 2.772035e+11
1.388682e-04 2.929684e+11
1.388961e-04 3.033766e+11
1.389239e-04 3.072911e+11
1.389518e-04 3.051054e+11
1.389797e-04 3.113405e+11
1.390076e-04 2.980853e+11
1.390354e-04 3.050110e+11
1.390633e-04 3.021722e+11
1.390912e-04 3.051796e+11
1.391190e-04 2.839143e+11
1.391469e-04 2.603221e+11
1.391748e-04 2.437244e+11
1.392027e-04 2.210437e+11
1.392306e-04 2.278879e+11
1.392584e-04 2.381861e+11
1.392863e-04 2.565500e+11
1.393142e-04 2.706727e+11
1.393421e-04 2.801995e+11
1.393700e-04 2.469097e+11
1.393978e-04 2.440092e+11
1.394257e-04 2.097351e+11
1.394536e-04 1.950621e+11
1.394815e-04 1.862571e+11
1.395094e-04 1.847084e+11
1.395373e-04 1.923937e+11
1.395651e-04 2.052547e+11
1.395930e-04 2.069403e+11
1.396209e-04 2.255399e+11
1.396488e-04 2.408832e+11
1.396767e-04 2.669535e+11
1.397046e-04 2.918944e+11
1.397325e-04 3.218448e+11
1.397604e-04 3.334937e+11
1.397883e-04 3.302112e+11
1.398162e-04 3.227214e+11
1.398441e-04 3.102880e+11
1.398720e-04 3.000595e+11
1.398998e-04 2.635246e+11
1.399277e-04 2.272587e+11
1.399556e-04 1.996048e+11
1.399835e-04 2.060410e+11
1.400114e-04 1.916150e+11
1.400393e-04 1.909001e+11
1.400672e-04 2.073894e+11
1.400951e-04 2.247879e+11
1.401230e-04 2.467777e+11
1.401509e-04 2.749169e+11
1.401788e-04 3.187084e+11
1.402067e-04 3.364679e+11
1.402346e-04 3.339223e+11
1.402626e-04 3.292669e+11
1.402905e-04 3.152526e+11
1.403184e-04 2.994237e+11
1.403463e-04 2.910613e+11
1.403742e-04 2.624784e+11
1.404021e-04 2.265300e+11
1.404300e-04 2.377665e+11
1.404579e-04 2.382786e+11
1.404858e-04 2.491710e+11
1.405137e-04 2.758089e+11
1.405416e-04 3.041911e+11
1.405695e-04 3.052508e+11
1.405975e-04 3.021314e+11
1.406254e-04 2.758386e+11
1.406533e-04 2.453520e+11
1.406812e-04 2.496520e+11
1.407091e-04 2.739090e+11
1.407370e-04 3.029546e+11
1.407649e-04 3.114879e+11
1.407929e-04 3.122268e+11
1.408208e-04 3.034559e+11
1.408487e-04 2.793840e+11
1.408766e-04 2.636797e+11
1.409045e-04 2.537765e+11
1.409324e-04 2.582880e+11
1.409604e-04 3.017752e+11
1.409883e-04 3.062494e+11
1.410162e-04 3.188306e+11
1.410441e-04 3.297671e+11
1.410720e-04 3.360100e+11
1.411000e-04 3.380692e+11
1.411279e-04 3.565294e+11
1.411558e-04 2.953428e+11
1.411837e-04 3.474533e+11
1.412116e-04 3.884595e+11
1.412396e-04 3.999775e+11
1.412675e-04 3.952219e+11
1.412954e-04 3.859656e+11
1.413233e-04 3.462491e+11
1.413513e-04 3.209867e+11
1.413792e-04 2.983486e+11
1.414071e-04 2.929786e+11
1.414350e-04 2.991646e+11
1.414630e-04 3.152275e+11
1.414909e-04 3.314758e+11
1.415188e-04 3.624414e+11
1.415468e-04 3.915559e+11
1.415747e-04 4.162304e+11
1.416026e-04 4.225274e+11
1.416305e-04 4.211306e+11
1.416585e-04 4.044844e+11
1.416864e-04 3.920912e+11
1.417143e-04 3.939109e+11
1.417423e-04 3.845782e+11
1.417702e-04 3.859253e+11
1.417981e-04 3.718409e+11
1.418261e-04 3.493081e+11
1.418540e-04 3.283798e+11
1.418819e-04 3.152494e+11
1.419099e-04 3.054754e+11
1.419378e-04 3.223932e+11
1.419657e-04 3.513786e+11
1.419937e-04 3.579316e+11
1.420216e-04 3.731559e+11
1.420495e-04 3.852822e+11
1.420775e-04 3.969307e+11
1.421054e-04 4.212892e+11
1.421333e-04 4.318990e+11
1.421613e-04 4.237901e+11
1.421892e-04 4.209903e+11
1.422171e-04 4.164684e+11
1.422451e-04 3.955248e+11
1.422730e-04 3.711173e+11
1.423010e-04 3.642587e+11
1.423289e-04 3.728654e+11
1.423568e-04 3.844783e+11
1.423848e-04 4.093656e+11
1.424127e-04 4.332024e+11
1.424406e-04 4.400891e+11
1.424686e-04 4.309938e+11
1.424965e-04 4.135615e+11
1.425245e-04 4.076711e+11
1.425524e-04 4.540920e+11
1.425803e-04 4.889713e+11
1.426083e-04 4.463453e+11
1.426362e-04 4.345501e+11
1.426642e-04 4.309007e+11
1.426921e-04 4.253017e+11
1.427200e-04 4.078143e+11
1.427480e-04 3.949250e+11
1.427759e-04 3.968542e+11
1.428039e-04 4.030267e+11
1.428318e-04 4.168557e+11
1.428598e-04 4.355975e+11
1.428877e-04 4.554687e+11
1.429156e-04 4.760210e+11
1.429436e-04 4.805202e+11
1.429715e-04 4.931357e+11
1.429995e-04 5.012118e+11
1.430274e-04 4.772482e+11
1.430553e-04 4.459604e+11
1.430833e-04 4.084533e+11
1.431112e-04 3.963964e+11
1.431392e-04 3.968424e+11
1.431671e-04 3.922852e+11
1.431951e-04 4.084175e+11
1.432230e-04 4.308527e+11
1.432510e-04 4.488978e+11
1.432789e-04 4.793107e+11
1.433068e-04 4.978123e+11
1.433348e-04 4.754958e+11
1.433627e-04 4.784699e+11
1.433907e-04 4.762221e+11
1.434186e-04 4.831391e+11
1.434466e-04 4.996806e+11
1.434745e-04 5.142544e+11
1.435025e-04 5.179034e+11
1.435304e-04 5.170304e+11
1.435583e-04 5.158655e+11
1.435863e-04 5.135580e+11
1.436142e-04 5.260251e+11
1.436422e-04 5.367100e+11
1.436701e-04 5.093180e+11
1.436981e-04 4.911515e+11
1.437260e-04 4.816572e+11
