1.427365e-04 4.928465e+11
1.427689e-04 4.898369e+11
1.428013e-04 4.865010e+11
1.428337e-04 4.943030e+11
1.428661e-04 4.962190e+11
1.428986e-04 4.983799e+11
1.429310e-04 4.928123e+11
1.429634e-04 4.967612e+11
1.429959e-04 5.098226e+11
1.430283e-04 5.630530e+11
1.430608e-04 5.128517e+11
1.430933e-04 5.139640e+11
1.431257e-04 5.081839e+11
1.431582e-04 5.021857e+11
1.431907e-04 5.108624e+11
1.432232e-04 5.150642e+11
1.432557e-04 5.147082e+11
1.432882e-04 5.272148e+11
1.433207e-04 5.257597e+11
1.433532e-04 5.265493e+11
1.433857e-04 5.273457e+11
1.434182e-04 5.350420e+11
1.434507e-04 5.385184e+11
1.434833e-04 5.366539e+11
1.435158e-04 5.474424e+11
1.435483e-04 5.441876e+11
1.435809e-04 5.452833e+11
1.436134e-04 5.371414e+11
1.436460e-04 5.402549e+11
1.436785e-04 5.499010e+11
1.437111e-04 5.554564e+11
1.437437e-04 5.539560e+11
1.437763e-04 5.618823e+11
1.438088e-04 5.624683e+11
1.438414e-04 5.690024e+11
1.438740e-04 5.832423e+11
1.439066e-04 5.782190e+11
1.439392e-04 5.778483e+11
1.439718e-04 5.834185e+11
1.440044e-04 5.773589e+11
1.440371e-04 5.746950e+11
1.440697e-04 5.853886e+11
1.441023e-04 5.860206e+11
1.441349e-04 5.891643e+11
1.441676e-04 5.866952e+11
1.442002e-04 5.886422e+11
1.442329e-04 5.930083e+11
1.442655e-04 5.938008e+11
1.442982e-04 5.963395e+11
1.443309e-04 5.951300e+11
1.443635e-04 5.921668e+11
1.443962e-04 5.985326e+11
1.444289e-04 6.014345e+11
1.444616e-04 5.989514e+11
1.444943e-04 6.040767e+11
1.445270e-04 6.058194e+11
1.445597e-04 6.063183e+11
1.445924e-04 6.027319e+11
1.446251e-04 6.043303e+11
1.446578e-04 6.148766e+11
1.446905e-04 6.196180e+11
1.447233e-04 6.183136e+11
1.447560e-04 6.198176e+11
1.447887e-04 6.205877e+11
1.448215e-04 6.222974e+11
1.448542e-04 6.298591e+11
1.448870e-04 6.317343e+11
1.449197e-04 6.307451e+11
1.449525e-04 6.314741e+11
1.449853e-04 6.292595e+11
1.450181e-04 6.284398e+11
1.450508e-04 6.330845e+11
1.450836e-04 6.358585e+11
1.451164e-04 6.428128e+11
1.451492e-04 6.463275e+11
1.451820e-04 6.415000e+11
1.452148e-04 6.450191e+11
1.452476e-04 6.525029e+11
1.452804e-04 6.530362e+11
1.453133e-04 6.584290e+11
1.453461e-04 6.612003e+11
1.453789e-04 6.609549e+11
1.454117e-04 6.655458e+11
1.454446e-04 6.715872e+11
1.454774e-04 6.659630e+11
1.455103e-04 6.653020e+11
1.455431e-04 6.690349e+11
1.455760e-04 6.763924e+11
1.456089e-04 6.806744e+11
1.456417e-04 6.773708e+11
1.456746e-04 6.816241e+11
1.457075e-04 6.929962e+11
1.457404e-04 7.001787e+11
1.457733e-04 7.065102e+11
1.458062e-04 7.114809e+11
1.458391e-04 7.106498e+11
1.458720e-04 7.185308e+11
1.459049e-04 7.206570e+11
1.459378e-04 7.151403e+11
1.459707e-04 7.222126e+11
1.460037e-04 7.284129e+11
1.460366e-04 7.439920e+11
1.460695e-04 7.386639e+11
1.461025e-04 7.431986e+11
1.461354e-04 7.408145e+11
1.461684e-04 7.414758e+11
1.462013e-04 7.527792e+11
1.462343e-04 7.727813e+11
1.462672e-04 7.735353e+11
1.463002e-04 7.717609e+11
1.463332e-04 7.759156e+11
1.463662e-04 7.891984e+11
1.463992e-04 8.025151e+11
1.464322e-04 8.018746e+11
1.464651e-04 8.000534e+11
1.464981e-04 8.025638e+11
1.465312e-04 8.055095e+11
1.465642e-04 8.131301e+11
1.465972e-04 8.219086e+11
1.466302e-04 8.198280e+11
1.466632e-04 8.146246e+11
1.466963e-04 8.271684e+11
1.467293e-04 8.293597e+11
1.467623e-04 8.404881e+11
1.467954e-04 8.550480e+11
1.468284e-04 8.388261e+11
1.468615e-04 8.664557e+11
1.468945e-04 8.715676e+11
1.469276e-04 8.797095e+11
1.469607e-04 8.724866e+11
1.469937e-04 8.853041e+11
1.470268e-04 8.750118e+11
1.470599e-04 8.865668e+11
1.470930e-04 8.925727e+11
1.471261e-04 9.066633e+11
1.471592e-04 9.102440e+11
1.471923e-04 9.372488e+11
1.472254e-04 9.388943e+11
1.472585e-04 9.581047e+11
1.472916e-04 9.847514e+11
1.473247e-04 1.123348e+12
1.473579e-04 1.014842e+12
1.473910e-04 1.027228e+12
1.474241e-04 1.052715e+12
1.474573e-04 1.090302e+12
1.474904e-04 1.100963e+12
1.475236e-04 1.109520e+12
1.475567e-04 1.092794e+12
1.475899e-04 1.099261e+12
1.476230e-04 1.101663e+12
1.476562e-04 1.108572e+12
1.476894e-04 1.115509e+12
1.477226e-04 1.119794e+12
1.477557e-04 1.134702e+12
1.477889e-04 1.159793e+12
1.478221e-04 1.196933e+12
1.478553e-04 1.239498e+12
1.478885e-04 1.254535e+12
1.479217e-04 1.251324e+12
1.479549e-04 1.253138e+12
1.479882e-04 1.252506e+12
1.480214e-04 1.269260e+12
1.480546e-04 1.303277e+12
1.480878e-04 1.366195e+12
1.481211e-04 1.420924e+12
1.481543e-04 1.462260e+12
1.481875e-04 1.493714e+12
1.482208e-04 1.534678e+12
1.482540e-04 1.628134e+12
1.482873e-04 1.721207e+12
1.483206e-04 1.777045e+12
1.483538e-04 1.805629e+12
1.483871e-04 1.829849e+12
1.484204e-04 1.847653e+12
1.484537e-04 1.851919e+12
1.484869e-04 1.901526e+12
1.485202e-04 1.999169e+12
1.485535e-04 2.046123e+12
1.485868e-04 2.071872e+12
1.486201e-04 2.075422e+12
1.486534e-04 2.076925e+12
1.486868e-04 2.083684e+12
1.487201e-04 2.150492e+12
1.487534e-04 2.283250e+12
1.487867e-04 2.431673e+12
1.488201e-04 2.611800e+12
1.488534e-04 2.819517e+12
1.488867e-04 3.439791e+12
1.489201e-04 3.367535e+12
1.489534e-04 3.302592e+12
1.489868e-04 3.481692e+12
1.490201e-04 3.729719e+12
1.490535e-04 3.969747e+12
1.490869e-04 4.054143e+12
1.491202e-04 3.993926e+12
1.491536e-04 3.905127e+12
1.491870e-04 3.897870e+12
1.492204e-04 4.026266e+12
1.492538e-04 4.202906e+12
1.492872e-04 4.395870e+12
1.493206e-04 4.616773e+12
1.493540e-04 4.811136e+12
1.493874e-04 4.885020e+12
1.494208e-04 4.898902e+12
1.494542e-04 4.922927e+12
1.494876e-04 4.932673e+12
1.495210e-04 5.031246e+12
1.495545e-04 4.546934e+12
1.495879e-04 4.721882e+12
1.496214e-04 5.347026e+12
1.496548e-04 5.427171e+12
1.496882e-04 5.588924e+12
1.497217e-04 5.825326e+12
1.497552e-04 5.939187e+12
1.497886e-04 5.881271e+12
1.498221e-04 5.853234e+12
1.498555e-04 5.943093e+12
1.498890e-04 6.083595e+12
1.499225e-04 6.193739e+12
1.499560e-04 6.304248e+12
1.499895e-04 6.452356e+12
1.500230e-04 6.649934e+12
1.500565e-04 6.788769e+12
1.500900e-04 6.832129e+12
1.501235e-04 6.886391e+12
1.501570e-04 7.011283e+12
1.501905e-04 7.111679e+12
1.502240e-04 7.082037e+12
1.502575e-04 7.006197e+12
1.502911e-04 6.880324e+12
1.503246e-04 6.705126e+12
1.503581e-04 6.488799e+12
1.503917e-04 6.351912e+12
1.504252e-04 6.346843e+12
1.504588e-04 6.490482e+12
1.504923e-04 6.745893e+12
1.505259e-04 7.120592e+12
1.505594e-04 7.464142e+12
1.505930e-04 7.747133e+12
1.506266e-04 7.947602e+12
1.506601e-04 8.011523e+12
1.506937e-04 7.981904e+12
1.507273e-04 7.904655e+12
1.507609e-04 7.803825e+12
1.507945e-04 7.596798e+12
1.508281e-04 7.405706e+12
1.508617e-04 7.052630e+12
1.508953e-04 7.047298e+12
1.509289e-04 7.352852e+12
1.509625e-04 7.631637e+12
1.509961e-04 7.845587e+12
1.510297e-04 7.863439e+12
1.510634e-04 7.686202e+12
1.510970e-04 7.567879e+12
1.511306e-04 7.529024e+12
1.511643e-04 7.455715e+12
1.511979e-04 7.437396e+12
1.512315e-04 7.354342e+12
1.512652e-04 7.190362e+12
1.512988e-04 7.084429e+12
1.513325e-04 7.064715e+12
1.513662e-04 6.997645e+12
1.513998e-04 6.974556e+12
1.514335e-04 7.080160e+12
1.514672e-04 7.240101e+12
1.515009e-04 7.469786e+12
1.515345e-04 7.480296e+12
1.515682e-04 7.486681e+12
1.516019e-04 7.434892e+12
1.516356e-04 7.317285e+12
1.516693e-04 7.238873e+12
1.517030e-04 7.184855e+12
1.517367e-04 7.236181e+12
1.517704e-04 7.285959e+12
1.518042e-04 7.275431e+12
1.518379e-04 7.317197e+12
1.518716e-04 7.248009e+12
1.519053e-04 7.240544e+12
1.519391e-04 7.204823e+12
1.519728e-04 7.377791e+12
1.520065e-04 7.628393e+12
1.520403e-04 7.875458e+12
1.520740e-04 7.870818e+12
1.521078e-04 7.871134e+12
1.521415e-04 8.070999e+12
1.521753e-04 8.123849e+12
1.522091e-04 8.094370e+12
1.522428e-04 8.438140e+12
1.522766e-04 8.123834e+12
1.523104e-04 8.173657e+12
1.523442e-04 8.152968e+12
1.523780e-04 8.108012e+12
1.524118e-04 8.031039e+12
1.524455e-04 7.966425e+12
1.524793e-04 7.969471e+12
1.525131e-04 7.955343e+12
1.525470e-04 8.004415e+12
1.525808e-04 8.599533e+12
1.526146e-04 7.968366e+12
1.526484e-04 7.984238e+12
1.526822e-04 7.963162e+12
1.527160e-04 8.008891e+12
1.527499e-04 8.044720e+12
1.527837e-04 8.086444e+12
1.528175e-04 8.128365e+12
1.528514e-04 8.186514e+12
1.528852e-04 8.119150e+12
1.529191e-04 8.145194e+12
1.529529e-04 8.103275e+12
1.529868e-04 8.135250e+12
1.530206e-04 8.090579e+12
1.530545e-04 8.091396e+12
1.530884e-04 8.095978e+12
1.531223e-04 8.115433e+12
1.531561e-04 8.115285e+12
1.531900e-04 8.105749e+12
1.532239e-04 8.123334e+12
1.532578e-04 8.186433e+12
1.532917e-04 8.180860e+12
1.533256e-04 8.170577e+12
1.533595e-04 8.134975e+12
1.533934e-04 8.105806e+12
1.534273e-04 8.021034e+12
1.534612e-04 8.022250e+12
1.534951e-04 8.015078e+12
1.535290e-04 8.042191e+12
1.535630e-04 8.072940e+12
1.535969e-04 8.041680e+12
1.536308e-04 8.144816e+12
1.536648e-04 8.191653e+12
1.536987e-04 9.055086e+12
1.537326e-04 8.463488e+12
1.537666e-04 8.209800e+12
1.538005e-04 8.205580e+12
1.538345e-04 8.107060e+12
1.538684e-04 7.979144e+12
1.539024e-04 7.965109e+12
1.539364e-04 7.974179e+12
1.539703e-04 8.011820e+12
1.540043e-04 8.027350e+12
1.540383e-04 8.003862e+12
1.540723e-04 7.947190e+12
1.541063e-04 7.926061e+12
1.541402e-04 7.926166e+12
1.541742e-04 7.811528e+12
1.542082e-04 7.912925e+12
1.542422e-04 7.944535e+12
1.542762e-04 7.962557e+12
1.543102e-04 8.003684e+12
1.543443e-04 8.168772e+12
1.543783e-04 8.082375e+12
1.544123e-04 7.893069e+12
1.544463e-04 7.847238e+12
1.544803e-04 7.911419e+12
1.545144e-04 7.959766e+12
1.545484e-04 7.976106e+12
1.545824e-04 8.001434e+12
1.546165e-04 8.030794e+12
1.546505e-04 8.031005e+12
1.546846e-04 8.051242e+12
1.547186e-04 8.025903e+12
1.547527e-04 8.008327e+12
1.547867e-04 8.078966e+12
1.548208e-04 8.040363e+12
1.548549e-04 7.954828e+12
1.548889e-04 7.930044e+12
1.549230e-04 7.922692e+12
1.549571e-04 7.916338e+12
1.549912e-04 7.899163e+12
1.550253e-04 7.953577e+12
1.550593e-04 8.006252e+12
1.550934e-04 8.014980e+12
1.551275e-04 8.016224e+12
1.551616e-04 7.989445e+12
1.551957e-04 7.981649e+12
1.552298e-04 7.982033e+12
1.552639e-04 7.975088e+12
1.552981e-04 7.952681e+12
1.553322e-04 7.919403e+12
1.553663e-04 7.896149e+12
1.554004e-04 7.886519e+12
1.554345e-04 7.894196e+12
1.554687e-04 7.903385e+12
1.555028e-04 7.905925e+12
1.555370e-04 7.936478e+12
1.555711e-04 7.913543e+12
1.556052e-04 7.917082e+12
1.556394e-04 7.930977e+12
1.556735e-04 7.915996e+12
1.557077e-04 7.951685e+12
1.557419e-04 7.963522e+12
1.557760e-04 8.001520e+12
1.558102e-04 8.002364e+12
1.558444e-04 8.020281e+12
1.558785e-04 7.982191e+12
1.559127e-04 7.959340e+12
1.559469e-04 8.004948e+12
1.559811e-04 7.993142e+12
1.560153e-04 7.930910e+12
1.560495e-04 7.896693e+12
1.560837e-04 7.976592e+12
1.561179e-04 8.237234e+12
1.561521e-04 8.450729e+12
1.561863e-04 8.128277e+12
1.562205e-04 8.091774e+12
1.562547e-04 8.059362e+12
1.562889e-04 8.088673e+12
1.563231e-04 8.073748e+12
1.563573e-04 8.147728e+12
1.563916e-04 8.122749e+12
1.564258e-04 8.069094e+12
1.564600e-04 8.176022e+12
1.564943e-04 8.790415e+12
1.565285e-04 7.942336e+12
1.565627e-04 7.907464e+12
1.565970e-04 7.892136e+12
1.566312e-04 7.842276e+12
1.566655e-04 7.800769e+12
1.566998e-04 7.854912e+12
1.567340e-04 7.805425e+12
1.567683e-04 7.776936e+12
1.568025e-04 7.740798e+12
1.568368e-04 7.664124e+12
1.568711e-04 7.561603e+12
1.569054e-04 7.394931e+12
1.569397e-04 7.484688e+12
1.569739e-04 7.366055e+12
1.570082e-04 7.149868e+12
1.570425e-04 6.915727e+12
1.570768e-04 7.050057e+12
1.571111e-04 6.965471e+12
1.571454e-04 6.918722e+12
1.571797e-04 6.936513e+12
1.572140e-04 6.971435e+12
1.572483e-04 6.975108e+12
1.572826e-04 6.982386e+12
1.573170e-04 7.004330e+12
1.573513e-04 7.081646e+12
1.573856e-04 7.149277e+12
1.574199e-04 7.178319e+12
1.574543e-04 7.251396e+12
1.574886e-04 7.276343e+12
1.575229e-04 7.346761e+12
1.575573e-04 7.288936e+12
1.575916e-04 7.378769e+12
1.576260e-04 7.104599e+12
1.576603e-04 7.243500e+12
1.576947e-04 7.190909e+12
1.577290e-04 7.160744e+12
1.577634e-04 7.172157e+12
1.577977e-04 7.159340e+12
1.578321e-04 7.160895e+12
1.578665e-04 7.166966e+12
1.579009e-04 7.278982e+12
1.579352e-04 7.513022e+12
1.579696e-04 7.635631e+12
1.580040e-04 7.687533e+12
1.580384e-04 7.772713e+12
1.580728e-04 7.864184e+12
1.581072e-04 7.877336e+12
1.581416e-04 7.921737e+12
1.581760e-04 7.993832e+12
1.582104e-04 8.022400e+12
1.582448e-04 7.990392e+12
1.582792e-04 8.002530e+12
1.583136e-04 8.020847e+12
1.583480e-04 8.111572e+12
1.583824e-04 8.058748e+12
1.584168e-04 8.000372e+12
1.584513e-04 8.079317e+12
1.584857e-04 8.004171e+12
1.585201e-04 7.956027e+12
1.585545e-04 8.002774e+12
1.585890e-04 7.950183e+12
1.586234e-04 7.956752e+12
1.586579e-04 7.834923e+12
1.586923e-04 7.791285e+12
1.587268e-04 7.834257e+12
1.587612e-04 7.818275e+12
1.587957e-04 7.711151e+12
1.588301e-04 7.612086e+12
1.588646e-04 7.424925e+12
1.588991e-04 7.282176e+12
1.589335e-04 7.266661e+12
1.589680e-04 7.255785e+12
1.590025e-04 7.198806e+12
1.590369e-04 7.192260e+12
1.590714e-04 7.246752e+12
1.591059e-04 7.211802e+12
1.591404e-04 7.240033e+12
1.591749e-04 7.227922e+12
1.592094e-04 7.199508e+12
1.592439e-04 7.210342e+12
1.592784e-04 7.236878e+12
1.593129e-04 7.251787e+12
1.593474e-04 7.315422e+12
1.593819e-04 7.369980e+12
1.594164e-04 7.369829e+12
1.594509e-04 7.360552e+12
1.594854e-04 7.358464e+12
1.595199e-04 7.362868e+12
1.595545e-04 7.349152e+12
1.595890e-04 7.359348e+12
1.596235e-04 7.378282e+12
1.596580e-04 7.345238e+12
1.596926e-04 7.316198e+12
1.597271e-04 7.315136e+12
1.597616e-04 7.318266e+12
1.597962e-04 7.311822e+12
1.598307e-04 7.306944e+12
1.598653e-04 7.333473e+12
1.598998e-04 7.343282e+12
1.599344e-04 7.332783e+12
1.599689e-04 7.394537e+12
1.600035e-04 7.416167e+12
1.600381e-04 7.397666e+12
1.600726e-04 7.335095e+12
1.601072e-04 7.293141e+12
1.601418e-04 7.245014e+12
1.601763e-04 7.213524e+12
1.602109e-04 7.173971e+12
1.602455e-04 7.131885e+12
1.602801e-04 7.045024e+12
1.603147e-04 6.999262e+12
1.603493e-04 7.064628e+12
1.603839e-04 7.168572e+12
1.604185e-04 7.176456e+12
1.604531e-04 7.224635e+12
1.604877e-04 7.307126e+12
1.605223e-04 7.354026e+12
1.605569e-04 7.334924e+12
1.605915e-04 7.310072e+12
1.606261e-04 7.316334e+12
1.606607e-04 7.263981e+12
1.606953e-04 7.199409e+12
1.607299e-04 7.134826e+12
1.607646e-04 7.018177e+12
1.607992e-04 6.923523e+12
1.608338e-04 6.865434e+12
1.608684e-04 6.839239e+12
1.609031e-04 6.853947e+12
1.609377e-04 6.843054e+12
1.609724e-04 6.819344e+12
1.610070e-04 6.823081e+12
1.610416e-04 6.747413e+12
1.610763e-04 6.642835e+12
1.611109e-04 6.643406e+12
1.611456e-04 6.731073e+12
1.611803e-04 6.829245e+12
1.612149e-04 6.870048e+12
1.612496e-04 6.934023e+12
1.612842e-04 6.967199e+12
1.613189e-04 6.958602e+12
1.613536e-04 6.947612e+12
1.613883e-04 6.957565e+12
1.614229e-04 6.987041e+12
1.614576e-04 7.044921e+12
1.614923e-04 7.107143e+12
1.615270e-04 7.177459e+12
1.615617e-04 7.207017e+12
1.615964e-04 7.243953e+12
1.616310e-04 7.263874e+12
1.616657e-04 7.268427e+12
1.617004e-04 7.251295e+12
1.617351e-04 7.260184e+12
1.617698e-04 7.229959e+12
1.618045e-04 7.151241e+12
1.618393e-04 7.073296e+12
1.618740e-04 7.018902e+12
1.619087e-04 7.050567e+12
1.619434e-04 7.105356e+12
1.619781e-04 7.158052e+12
1.620128e-04 7.210719e+12
1.620476e-04 7.223334e+12
1.620823e-04 7.241832e+12
1.621170e-04 7.208587e+12
1.621517e-04 7.212227e+12
1.621865e-04 7.250322e+12
1.622212e-04 7.366371e+12
1.622560e-04 7.591394e+12
1.622907e-04 7.238245e+12
1.623254e-04 7.220168e+12
1.623602e-04 7.275172e+12
1.623949e-04 7.247526e+12
1.624297e-04 7.202485e+12
1.624644e-04 7.186121e+12
1.624992e-04 7.132669e+12
1.625340e-04 7.139916e+12
1.625687e-04 7.113190e+12
1.626035e-04 7.107915e+12
1.626383e-04 7.115641e+12
1.626730e-04 7.127929e+12
1.627078e-04 7.133866e+12
1.627426e-04 7.286554e+12
1.627774e-04 7.544554e+12
1.628121e-04 7.064662e+12
1.628469e-04 7.006868e+12
1.628817e-04 6.945630e+12
1.629165e-04 6.899862e+12
1.629513e-04 6.889566e+12
1.629861e-04 6.868597e+12
1.630209e-04 6.831773e+12
1.630557e-04 6.841814e+12
1.630905e-04 6.795962e+12
1.631253e-04 6.884574e+12
1.631601e-04 6.852271e+12
1.631949e-04 6.898982e+12
1.632297e-04 6.858885e+12
1.632645e-04 6.823421e+12
1.632993e-04 6.825818e+12
1.633341e-04 6.847147e+12
1.633690e-04 6.809727e+12
1.634038e-04 6.784818e+12
1.634386e-04 6.815688e+12
1.634734e-04 6.751761e+12
1.635083e-04 6.785640e+12
1.635431e-04 6.755010e+12
1.635779e-04 6.738988e+12
1.636128e-04 6.707825e+12
1.636476e-04 6.854970e+12
1.636825e-04 6.636271e+12
1.637173e-04 6.606969e+12
1.637521e-04 6.539166e+12
1.637870e-04 6.531625e+12
1.638218e-04 6.455944e+12
1.638567e-04 6.381149e+12
1.638916e-04 6.398157e+12
1.639264e-04 6.327505e+12
1.639613e-04 6.269098e+12
1.639961e-04 6.172744e+12
1.640310e-04 6.128812e+12
1.640659e-04 6.127895e+12
1.641007e-04 6.087718e+12
1.641356e-04 6.089499e+12
1.641705e-04 6.090727e+12
1.642054e-04 6.107019e+12
1.642403e-04 6.170238e+12
1.642751e-04 6.221578e+12
1.643100e-04 6.227638e+12
1.643449e-04 6.329805e+12
1.643798e-04 6.372395e+12
1.644147e-04 6.442323e+12
1.644496e-04 6.447740e+12
1.644845e-04 6.457211e+12
1.645194e-04 6.475066e+12
1.645543e-04 6.440084e+12
1.645892e-04 6.574908e+12
1.646241e-04 6.619532e+12
1.646590e-04 6.655701e+12
1.646939e-04 6.673020e+12
1.647288e-04 6.734380e+12
1.647637e-04 6.672829e+12
1.647986e-04 6.693477e+12
1.648336e-04 6.674906e+12
1.648685e-04 6.684130e+12
1.649034e-04 6.642669e+12
1.649383e-04 6.658482e+12
1.649733e-04 6.613431e+12
1.650082e-04 6.479061e+12
1.650431e-04 6.564876e+12
1.650780e-04 6.588291e+12
1.651130e-04 6.551511e+12
1.651479e-04 6.574302e+12
1.651829e-04 6.626060e+12
1.652178e-04 6.612880e+12
1.652527e-04 6.599059e+12
1.652877e-04 6.576479e+12
1.653226e-04 6.559676e+12
1.653576e-04 6.523541e+12
1.653925e-04 6.520541e+12
1.654275e-04 6.533868e+12
1.654625e-04 6.501144e+12
1.654974e-04 6.511688e+12
1.655324e-04 6.511521e+12
1.655673e-04 6.450684e+12
1.656023e-04 6.391635e+12
1.656373e-04 6.371409e+12
1.656723e-04 6.365387e+12
1.657072e-04 6.325300e+12
1.657422e-04 6.343073e+12
1.657772e-04 6.243145e+12
1.658122e-04 6.297376e+12
1.658471e-04 6.342398e+12
1.658821e-04 6.365750e+12
1.659171e-04 6.391822e+12
1.659521e-04 6.369733e+12
1.659871e-04 6.348319e+12
1.660221e-04 6.339412e+12
1.660571e-04 6.299553e+12
1.660921e-04 6.284199e+12
1.661271e-04 6.290987e+12
1.661621e-04 6.242413e+12
1.661971e-04 6.222675e+12
1.662321e-04 6.221269e+12
1.662671e-04 6.215464e+12
1.663021e-04 6.204788e+12
1.663371e-04 6.217645e+12
1.663721e-04 6.200446e+12
1.664071e-04 6.265639e+12
1.664421e-04 6.224711e+12
1.664771e-04 6.192852e+12
1.665122e-04 6.183455e+12
1.665472e-04 6.169547e+12
1.665822e-04 6.179933e+12
1.666172e-04 6.193570e+12
1.666523e-04 6.282139e+12
1.666873e-04 6.414366e+12
1.667223e-04 6.502550e+12
1.667574e-04 6.587483e+12
1.667924e-04 6.653794e+12
1.668274e-04 6.672731e+12
1.668625e-04 6.679109e+12
1.668975e-04 6.671511e+12
1.669326e-04 6.681227e+12
1.669676e-04 6.703403e+12
1.670026e-04 6.703928e+12
1.670377e-04 6.693743e+12
1.670727e-04 6.680183e+12
1.671078e-04 6.685912e+12
1.671429e-04 6.670285e+12
1.671779e-04 6.658217e+12
1.672130e-04 6.678757e+12
1.672480e-04 6.679123e+12
1.672831e-04 6.663258e+12
1.673182e-04 6.621554e+12
1.673532e-04 6.553692e+12
1.673883e-04 6.482703e+12
1.674234e-04 6.361078e+12
1.674584e-04 6.242074e+12
1.674935e-04 6.153908e+12
1.675286e-04 6.077276e+12
1.675637e-04 5.987624e+12
1.675987e-04 5.913511e+12
1.676338e-04 5.870101e+12
1.676689e-04 5.807855e+12
1.677040e-04 5.756164e+12
1.677391e-04 5.702830e+12
1.677742e-04 5.665470e+12
1.678093e-04 5.572041e+12
1.678443e-04 5.439120e+12
1.678794e-04 5.462827e+12
1.679145e-04 5.497645e+12
1.679496e-04 5.430501e+12
1.679847e-04 5.383875e+12
1.680198e-04 5.323231e+12
1.680549e-04 5.288837e+12
1.680900e-04 5.246784e+12
1.681251e-04 5.229209e+12
1.681603e-04 5.266380e+12
1.681954e-04 5.302548e+12
1.682305e-04 5.360354e+12
1.682656e-04 5.407612e+12
1.683007e-04 5.408712e+12
1.683358e-04 5.440782e+12
1.683709e-04 5.462517e+12
1.684061e-04 5.445877e+12
1.684412e-04 5.479698e+12
1.684763e-04 5.587192e+12
1.685114e-04 5.625210e+12
1.685466e-04 5.690868e+12
1.685817e-04 5.726759e+12
1.686168e-04 5.842132e+12
1.686519e-04 5.905969e+12
1.686871e-04 5.919979e+12
1.687222e-04 5.952245e+12
1.687574e-04 5.982334e+12
1.687925e-04 5.991765e+12
1.688276e-04 6.009434e+12
1.688628e-04 6.003500e+12
1.688979e-04 5.989492e+12
1.689331e-04 5.986960e+12
1.689682e-04 5.955750e+12
1.690034e-04 5.923660e+12
1.690385e-04 5.935407e+12
1.690737e-04 5.787580e+12
1.691088e-04 5.814301e+12
1.691440e-04 5.857379e+12
1.691791e-04 5.945181e+12
1.692143e-04 5.993024e+12
1.692494e-04 6.007837e+12
1.692846e-04 6.034988e+12
1.693198e-04 6.040519e+12
1.693549e-04 6.002681e+12
1.693901e-04 6.023765e+12
1.694253e-04 5.970758e+12
1.694604e-04 5.969754e+12
1.694956e-04 5.953633e+12
1.695308e-04 5.903871e+12
1.695660e-04 5.848558e+12
1.696011e-04 5.755604e+12
1.696363e-04 5.668553e+12
1.696715e-04 5.649139e+12
1.697067e-04 5.658840e+12
1.697419e-04 5.647299e+12
1.697770e-04 5.734507e+12
1.698122e-04 5.804493e+12
1.698474e-04 5.808872e+12
1.698826e-04 5.854304e+12
1.699178e-04 5.858447e+12
1.699530e-04 5.813853e+12
1.699882e-04 5.766648e+12
1.700234e-04 5.746648e+12
1.700586e-04 5.740232e+12
1.700938e-04 5.679141e+12
1.701290e-04 5.613534e+12
1.701642e-04 5.703024e+12
1.701994e-04 5.678739e+12
1.702346e-04 5.680974e+12
1.702698e-04 5.690790e+12
1.703050e-04 5.734771e+12
1.703402e-04 5.715111e+12
1.703754e-04 5.783837e+12
1.704106e-04 6.586923e+12
1.704458e-04 5.623998e+12
1.704810e-04 5.682366e+12
1.705162e-04 5.722481e+12
1.705515e-04 5.643423e+12
1.705867e-04 5.560124e+12
1.706219e-04 5.483645e+12
1.706571e-04 5.398114e+12
1.706923e-04 5.353717e+12
1.707276e-04 5.320941e+12
1.707628e-04 5.269641e+12
1.707980e-04 5.293227e+12
1.708332e-04 5.273795e+12
1.708685e-04 5.294900e+12
1.709037e-04 5.347492e+12
1.709389e-04 5.374116e+12
1.709742e-04 5.459106e+12
1.710094e-04 5.491712e+12
1.710446e-04 5.551760e+12
1.710799e-04 5.541983e+12
1.711151e-04 5.562616e+12
1.711504e-04 5.574591e+12
1.711856e-04 5.569424e+12
1.712208e-04 5.566908e+12
1.712561e-04 5.521563e+12
1.712913e-04 5.454907e+12
1.713266e-04 5.414565e+12
1.713618e-04 5.306703e+12
1.713971e-04 5.232060e+12
1.714323e-04 5.175043e+12
1.714676e-04 5.179361e+12
1.715028e-04 5.160484e+12
1.715381e-04 5.242953e+12
1.715733e-04 5.220922e+12
1.716086e-04 5.246204e+12
1.716438e-04 5.249789e+12
1.716791e-04 5.275548e+12
1.717144e-04 5.309849e+12
1.717496e-04 5.299260e+12
1.717849e-04 5.305982e+12
1.718202e-04 5.261394e+12
1.718554e-04 5.262828e+12
1.718907e-04 5.241163e+12
1.719260e-04 5.221020e+12
1.719612e-04 5.184963e+12
1.719965e-04 5.138835e+12
1.720318e-04 5.040132e+12
1.720670e-04 4.929894e+12
1.721023e-04 4.888835e+12
1.721376e-04 4.842615e+12
1.721729e-04 4.875286e+12
1.722081e-04 4.947538e+12
1.722434e-04 4.943553e+12
1.722787e-04 4.957048e+12
1.723140e-04 4.894157e+12
1.723493e-04 4.840499e+12
1.723845e-04 4.781455e+12
1.724198e-04 4.676718e+12
1.724551e-04 4.587233e+12
1.724904e-04 4.720171e+12
1.725257e-04 4.821288e+12
1.725610e-04 4.884833e+12
1.725963e-04 4.954888e+12
1.726316e-04 4.987447e+12
1.726669e-04 4.992152e+12
1.727022e-04 4.997655e+12
1.727374e-04 4.975089e+12
1.727727e-04 4.960620e+12
1.728080e-04 4.920338e+12
1.728433e-04 4.869151e+12
1.728786e-04 4.851494e+12
1.729139e-04 4.851085e+12
1.729492e-04 4.870277e+12
1.729845e-04 4.879510e+12
1.730198e-04 4.863934e+12
1.730552e-04 4.805720e+12
1.730905e-04 4.668131e+12
1.731258e-04 4.586622e+12
1.731611e-04 4.502953e+12
1.731964e-04 4.393557e+12
1.732317e-04 4.350963e+12
1.732670e-04 4.367331e+12
1.733023e-04 4.425714e+12
1.733376e-04 4.496419e+12
1.733729e-04 4.533433e+12
1.734083e-04 4.564519e+12
1.734436e-04 4.556559e+12
1.734789e-04 4.482859e+12
1.735142e-04 4.379012e+12
1.735495e-04 4.252671e+12
1.735848e-04 4.113626e+12
1.736202e-04 4.020971e+12
1.736555e-04 4.000803e+12
1.736908e-04 4.046074e+12
1.737261e-04 4.148513e+12
1.737615e-04 4.267275e+12
1.737968e-04 4.371717e+12
1.738321e-04 4.450397e+12
1.738674e-04 4.492081e+12
1.739028e-04 4.510685e+12
1.739381e-04 4.493615e+12
1.739734e-04 4.455708e+12
1.740088e-04 4.427288e+12
1.740441e-04 4.408480e+12
1.740794e-04 4.366846e+12
1.741148e-04 4.342446e+12
1.741501e-04 4.376079e+12
1.741854e-04 4.446945e+12
1.742208e-04 4.547809e+12
1.742561e-04 4.631942e+12
1.742915e-04 4.708264e+12
1.743268e-04 4.693073e+12
1.743621e-04 4.619092e+12
1.743975e-04 4.553046e+12
1.744328e-04 4.507184e+12
1.744682e-04 4.469798e+12
1.745035e-04 4.447994e+12
1.745389e-04 4.428019e+12
1.745742e-04 4.368036e+12
1.746096e-04 4.235043e+12
1.746449e-04 4.051661e+12
1.746802e-04 3.890994e+12
1.747156e-04 3.859973e+12
1.747509e-04 3.936986e+12
1.747863e-04 4.074127e+12
1.748217e-04 4.254312e+12
1.748570e-04 4.420953e+12
1.748924e-04 4.511605e+12
1.749277e-04 4.568547e+12
1.749631e-04 4.550223e+12
1.749984e-04 4.497293e+12
1.750338e-04 4.450321e+12
1.750691e-04 4.347499e+12
1.751045e-04 4.245627e+12
1.751399e-04 4.177889e+12
1.751752e-04 4.173816e+12
1.752106e-04 4.207274e+12
1.752459e-04 4.270338e+12
1.752813e-04 4.332231e+12
1.753167e-04 4.365410e+12
1.753520e-04 4.375988e+12
1.753874e-04 4.361946e+12
1.754228e-04 4.272291e+12
1.754581e-04 4.158474e+12
1.754935e-04 4.040560e+12
1.755289e-04 3.954253e+12
1.755642e-04 3.896385e+12
1.755996e-04 3.881128e+12
1.756350e-04 3.818110e+12
1.756703e-04 3.756779e+12
1.757057e-04 3.719003e+12
1.757411e-04 3.745407e+12
1.757765e-04 3.826331e+12
1.758118e-04 3.960843e+12
1.758472e-04 4.096769e+12
1.758826e-04 4.225446e+12
1.759180e-04 4.269877e+12
1.759533e-04 4.295122e+12
1.759887e-04 4.251815e+12
1.760241e-04 4.216819e+12
1.760595e-04 4.131094e+12
1.760948e-04 4.104485e+12
1.761302e-04 4.085050e+12
1.761656e-04 4.077806e+12
1.762010e-04 4.047780e+12
1.762364e-04 4.048878e+12
1.762717e-04 4.096016e+12
1.763071e-04 4.098688e+12
1.763425e-04 4.135003e+12
1.763779e-04 4.215184e+12
1.764133e-04 4.264135e+12
1.764487e-04 4.207718e+12
1.764840e-04 4.075378e+12
1.765194e-04 3.879751e+12
1.765548e-04 3.699758e+12
1.765902e-04 3.590776e+12
1.766256e-04 3.579694e+12
1.766610e-04 3.528073e+12
1.766964e-04 3.851931e+12
1.767318e-04 4.026864e+12
1.767672e-04 4.123888e+12
1.768025e-04 4.147658e+12
1.768379e-04 4.103838e+12
1.768733e-04 4.050155e+12
1.769087e-04 3.950056e+12
1.769441e-04 3.819405e+12
1.769795e-04 3.720850e+12
1.770149e-04 3.637270e+12
1.770503e-04 3.595830e+12
1.770857e-04 3.570511e+12
1.771211e-04 3.578254e+12
1.771565e-04 3.648222e+12
1.771919e-04 3.605249e+12
1.772273e-04 3.574669e+12
1.772627e-04 3.490745e+12
1.772981e-04 3.374204e+12
1.773335e-04 3.517043e+12
1.773689e-04 3.055837e+12
1.774043e-04 2.900577e+12
1.774397e-04 2.795896e+12
1.774751e-04 2.724507e+12
1.775105e-04 2.663006e+12
1.775459e-04 2.572588e+12
1.775813e-04 2.541342e+12
1.776167e-04 2.479074e+12
1.776521e-04 2.455474e+12
1.776875e-04 2.459225e+12
1.777229e-04 2.424732e+12
1.777583e-04 2.435567e+12
1.777937e-04 2.383276e+12
1.778291e-04 2.249938e+12
1.778645e-04 2.136519e+12
1.778999e-04 2.083314e+12
1.779353e-04 2.077639e+12
1.779707e-04 2.107477e+12
1.780061e-04 2.097708e+12
1.780415e-04 2.121960e+12
1.780769e-04 2.042861e+12
1.781123e-04 1.963069e+12
1.781477e-04 1.883299e+12
1.781832e-04 1.892493e+12
1.782186e-04 1.893399e+12
1.782540e-04 1.913905e+12
1.782894e-04 1.941716e+12
1.783248e-04 1.885821e+12
1.783602e-04 1.808279e+12
1.783956e-04 1.695377e+12
1.784310e-04 1.560053e+12
1.784664e-04 1.441816e+12
1.785018e-04 1.372733e+12
1.785372e-04 1.331244e+12
1.785727e-04 1.316087e+12
1.786081e-04 1.318390e+12
1.786435e-04 1.340469e+12
1.786789e-04 1.396758e+12
1.787143e-04 1.363995e+12
1.787497e-04 1.380489e+12
1.787851e-04 1.408961e+12
1.788206e-04 1.420747e+12
1.788560e-04 1.414920e+12
1.788914e-04 1.422343e+12
1.789268e-04 1.396256e+12
1.789622e-04 1.366300e+12
1.789976e-04 1.304668e+12
1.790330e-04 1.237054e+12
1.790685e-04 1.175756e+12
1.791039e-04 1.110723e+12
1.791393e-04 1.052382e+12
1.791747e-04 1.018400e+12
1.792101e-04 9.859048e+11
1.792455e-04 9.607292e+11
1.792810e-04 9.185780e+11
1.793164e-04 9.001270e+11
1.793518e-04 1.292763e+12
1.793872e-04 9.790407e+11
1.794226e-04 8.394906e+11
1.794580e-04 8.291482e+11
1.794935e-04 8.369718e+11
1.795289e-04 8.287800e+11
1.795643e-04 8.232129e+11
1.795997e-04 8.084773e+11
1.796351e-04 7.982425e+11
1.796705e-04 7.966334e+11
1.797060e-04 7.875201e+11
1.797414e-04 7.814952e+11
1.797768e-04 7.875682e+11
1.798122e-04 7.901728e+11
1.798476e-04 7.832920e+11
1.798831e-04 7.748599e+11
1.799185e-04 7.578976e+11
1.799539e-04 7.277411e+11
1.799893e-04 6.934773e+11
1.800247e-04 6.738156e+11
1.800602e-04 6.555030e+11
1.800956e-04 6.402424e+11
1.801310e-04 6.250552e+11
1.801664e-04 6.235229e+11
1.802018e-04 6.179373e+11
1.802373e-04 6.143437e+11
1.802727e-04 6.213190e+11
1.803081e-04 6.234712e+11
1.803435e-04 6.170251e+11
1.803789e-04 6.231845e+11
1.804144e-04 6.272063e+11
1.804498e-04 6.246461e+11
1.804852e-04 6.218808e+11
1.805206e-04 6.150405e+11
1.805560e-04 6.063175e+11
1.805915e-04 6.007323e+11
1.806269e-04 5.931932e+11
1.806623e-04 5.879094e+11
1.806977e-04 5.834531e+11
1.807331e-04 5.792457e+11
1.807686e-04 5.805755e+11
1.808040e-04 5.775464e+11
1.808394e-04 5.754212e+11
1.808748e-04 5.777454e+11
1.809102e-04 5.756832e+11
1.809457e-04 5.754230e+11
1.809811e-04 5.708781e+11
1.810165e-04 5.636230e+11
1.810519e-04 5.559532e+11
1.810874e-04 5.677568e+11
1.811228e-04 9.004229e+11
1.811582e-04 9.374093e+11
1.811936e-04 5.619014e+11
1.812290e-04 5.543467e+11
1.812645e-04 5.544676e+11
1.812999e-04 5.580785e+11
1.813353e-04 5.607597e+11
1.813707e-04 5.529543e+11
1.814061e-04 5.540484e+11
1.814416e-04 5.530485e+11
1.814770e-04 5.494223e+11
1.815124e-04 5.501148e+11
1.815478e-04 5.458989e+11
1.815832e-04 5.500517e+11
1.816186e-04 5.350390e+11
1.816541e-04 5.026714e+11
1.816895e-04 5.158352e+11
1.817249e-04 5.425710e+11
1.817603e-04 5.471362e+11
1.817957e-04 5.436520e+11
1.818312e-04 5.460065e+11
1.818666e-04 5.482276e+11
1.819020e-04 5.433954e+11
1.819374e-04 5.376261e+11
1.819728e-04 5.431207e+11
1.820082e-04 5.500815e+11
1.820437e-04 5.512666e+11
1.820791e-04 5.516736e+11
1.821145e-04 5.446399e+11
1.821499e-04 5.350916e+11
1.821853e-04 5.455358e+11
1.822207e-04 5.490151e+11
1.822562e-04 5.437059e+11
1.822916e-04 5.486602e+11
1.823270e-04 5.446570e+11
1.823624e-04 5.436244e+11
1.823978e-04 5.566212e+11
1.824332e-04 5.556773e+11
1.824687e-04 5.623302e+11
1.825041e-04 5.679708e+11
1.825395e-04 5.568688e+11
1.825749e-04 5.595991e+11
1.826103e-04 5.486338e+11
1.826457e-04 5.526130e+11
1.826811e-04 5.602519e+11
1.827165e-04 5.570806e+11
1.827520e-04 5.531486e+11
1.827874e-04 5.514649e+11
1.828228e-04 5.523329e+11
1.828582e-04 5.539264e+11
1.828936e-04 5.669297e+11
1.829290e-04 6.939764e+11
1.829644e-04 8.975875e+11
1.829998e-04 5.762110e+11
1.830352e-04 5.743534e+11
1.830707e-04 5.711710e+11
1.831061e-04 5.836668e+11
1.831415e-04 5.893096e+11
1.831769e-04 5.967437e+11
1.832123e-04 6.058602e+11
1.832477e-04 6.086900e+11
1.832831e-04 6.214427e+11
1.833185e-04 6.299398e+11
1.833539e-04 6.287810e+11
1.833893e-04 6.301023e+11
1.834247e-04 6.271331e+11
1.834601e-04 6.220894e+11
1.834955e-04 6.262069e+11
1.835310e-04 6.272310e+11
1.835664e-04 6.301989e+11
1.836018e-04 6.289067e+11
1.836372e-04 6.261151e+11
1.836726e-04 6.330770e+11
1.837080e-04 6.421431e+11
1.837434e-04 6.514716e+11
1.837788e-04 6.892166e+11
1.838142e-04 8.224096e+11
1.838496e-04 6.829569e+11
1.838850e-04 6.735447e+11
1.839204e-04 6.654289e+11
1.839558e-04 6.691657e+11
1.839912e-04 6.806608e+11
1.840266e-04 6.726944e+11
1.840620e-04 6.856897e+11
1.840974e-04 7.003138e+11
