1.027909e-04 5.639121e+12
1.028121e-04 5.650481e+12
1.028334e-04 5.653575e+12
1.028547e-04 5.672313e+12
1.028760e-04 5.693580e+12
1.028972e-04 5.718748e+12
1.029185e-04 5.749534e+12
1.029398e-04 5.735068e+12
1.029611e-04 5.742218e+12
1.029824e-04 5.779880e+12
1.030037e-04 5.791346e+12
1.030251e-04 5.749684e+12
1.030464e-04 5.794101e+12
1.030677e-04 5.836465e+12
1.030890e-04 5.863781e+12
1.031104e-04 5.846302e+12
1.031317e-04 5.856119e+12
1.031530e-04 5.888047e+12
1.031744e-04 5.899526e+12
1.031957e-04 5.926397e+12
1.032171e-04 5.909608e+12
1.032385e-04 5.969068e+12
1.032598e-04 5.951095e+12
1.032812e-04 5.977641e+12
1.033026e-04 5.995476e+12
1.033239e-04 5.974082e+12
1.033453e-04 6.038159e+12
1.033667e-04 6.063521e+12
1.033881e-04 6.071892e+12
1.034095e-04 6.081505e+12
1.034309e-04 6.090067e+12
1.034523e-04 6.004408e+12
1.034737e-04 6.004769e+12
1.034951e-04 6.123836e+12
1.035165e-04 6.168115e+12
1.035380e-04 6.143480e+12
1.035594e-04 6.143627e+12
1.035808e-04 6.083533e+12
1.036023e-04 6.125912e+12
1.036237e-04 6.230139e+12
1.036451e-04 6.238857e+12
1.036666e-04 6.232038e+12
1.036881e-04 6.223628e+12
1.037095e-04 6.238073e+12
1.037310e-04 6.247564e+12
1.037524e-04 6.271737e+12
1.037739e-04 6.285253e+12
1.037954e-04 6.261498e+12
1.038169e-04 6.304012e+12
1.038384e-04 6.296385e+12
1.038598e-04 6.331833e+12
1.038813e-04 6.292944e+12
1.039028e-04 6.287575e+12
1.039243e-04 6.281799e+12
1.039458e-04 6.306296e+12
1.039674e-04 6.310164e+12
1.039889e-04 6.274595e+12
1.040104e-04 6.301043e+12
1.040319e-04 6.313073e+12
1.040534e-04 6.318034e+12
1.040750e-04 6.310341e+12
1.040965e-04 6.329794e+12
1.041181e-04 6.302590e+12
1.041396e-04 6.314861e+12
1.041611e-04 6.290986e+12
1.041827e-04 6.252797e+12
1.042043e-04 6.314854e+12
1.042258e-04 6.303735e+12
1.042474e-04 6.275978e+12
1.042690e-04 6.253804e+12
1.042905e-04 6.300273e+12
1.043121e-04 6.269857e+12
1.043337e-04 6.336781e+12
1.043553e-04 6.324159e+12
1.043769e-04 6.295901e+12
1.043985e-04 6.292365e+12
1.044201e-04 6.190049e+12
1.044417e-04 6.259698e+12
1.044633e-04 6.280373e+12
1.044849e-04 6.268762e+12
1.045065e-04 6.261376e+12
1.045281e-04 6.211020e+12
1.045498e-04 6.247817e+12
1.045714e-04 6.252517e+12
1.045930e-04 6.253486e+12
1.046147e-04 6.274247e+12
1.046363e-04 6.279423e+12
1.046580e-04 6.290699e+12
1.046796e-04 6.311427e+12
1.047013e-04 6.270486e+12
1.047229e-04 6.223416e+12
1.047446e-04 6.220361e+12
1.047662e-04 6.258239e+12
1.047879e-04 6.133768e+12
1.048096e-04 6.279547e+12
1.048313e-04 6.334239e+12
1.048529e-04 6.365771e+12
1.048746e-04 6.355859e+12
1.048963e-04 6.605133e+12
1.049180e-04 6.499096e+12
1.049397e-04 6.275049e+12
1.049614e-04 6.239960e+12
1.049831e-04 6.353326e+12
1.050048e-04 6.367660e+12
1.050266e-04 6.387794e+12
1.050483e-04 6.391612e+12
1.050700e-04 6.384774e+12
1.050917e-04 6.383565e+12
1.051135e-04 6.395322e+12
1.051352e-04 6.370875e+12
1.051569e-04 6.355444e+12
1.051787e-04 6.398022e+12
1.052004e-04 6.382558e+12
1.052222e-04 6.400242e+12
1.052439e-04 6.388640e+12
1.052657e-04 6.416672e+12
1.052874e-04 6.437608e+12
1.053092e-04 6.418000e+12
1.053310e-04 6.410586e+12
1.053528e-04 6.404331e+12
1.053745e-04 6.414395e+12
1.053963e-04 6.412729e+12
1.054181e-04 6.421230e+12
1.054399e-04 6.431348e+12
1.054617e-04 6.437664e+12
1.054835e-04 6.436365e+12
1.055053e-04 6.418245e+12
1.055271e-04 6.390022e+12
1.055489e-04 6.362125e+12
1.055707e-04 6.341570e+12
1.055925e-04 6.405021e+12
1.056143e-04 6.462725e+12
1.056362e-04 6.447669e+12
1.056580e-04 6.438668e+12
1.056798e-04 6.405990e+12
1.057017e-04 6.419520e+12
1.057235e-04 6.426704e+12
1.057454e-04 6.430444e+12
1.057672e-04 6.448150e+12
1.057890e-04 6.418714e+12
1.058109e-04 6.400781e+12
1.058328e-04 6.394196e+12
1.058546e-04 6.420155e+12
1.058765e-04 6.420960e+12
1.058984e-04 6.414068e+12
1.059202e-04 6.424598e+12
1.059421e-04 6.428300e+12
1.059640e-04 6.382673e+12
1.059859e-04 6.332011e+12
1.060078e-04 6.378369e+12
1.060297e-04 6.478835e+12
1.060516e-04 6.373948e+12
1.060735e-04 6.348716e+12
1.060954e-04 6.321995e+12
1.061173e-04 6.317298e+12
1.061392e-04 6.322280e+12
1.061611e-04 6.306282e+12
1.061830e-04 6.366324e+12
1.062049e-04 6.350950e+12
1.062268e-04 6.309547e+12
1.062488e-04 6.280503e+12
1.062707e-04 6.260573e+12
1.062926e-04 6.249785e+12
1.063146e-04 6.237051e+12
1.063365e-04 6.227182e+12
1.063585e-04 6.238999e+12
1.063804e-04 6.248712e+12
1.064024e-04 6.245215e+12
1.064243e-04 6.244506e+12
1.064463e-04 6.236248e+12
1.064683e-04 6.252912e+12
1.064902e-04 6.239136e+12
1.065122e-04 6.179354e+12
1.065342e-04 6.094967e+12
1.065562e-04 6.286219e+12
1.065781e-04 6.199321e+12
1.066001e-04 6.066877e+12
1.066221e-04 5.990932e+12
1.066441e-04 6.270379e+12
1.066661e-04 6.263942e+12
1.066881e-04 6.212411e+12
1.067101e-04 6.316647e+12
1.067321e-04 6.278867e+12
1.067541e-04 6.247428e+12
1.067761e-04 6.233251e+12
1.067981e-04 6.240316e+12
1.068202e-04 6.249978e+12
1.068422e-04 6.250181e+12
1.068642e-04 6.243107e+12
1.068862e-04 6.275192e+12
1.069083e-04 6.290979e+12
1.069303e-04 6.342523e+12
1.069524e-04 6.316825e+12
1.069744e-04 6.435618e+12
1.069965e-04 6.326147e+12
1.070185e-04 6.430042e+12
1.070406e-04 6.414827e+12
1.070626e-04 6.459456e+12
1.070847e-04 6.415173e+12
1.071067e-04 6.434389e+12
1.071288e-04 6.432001e+12
1.071509e-04 6.439788e+12
1.071730e-04 6.423476e+12
1.071950e-04 6.411579e+12
1.072171e-04 6.415825e+12
1.072392e-04 6.414618e+12
1.072613e-04 6.430059e+12
1.072834e-04 6.461903e+12
1.073055e-04 6.476829e+12
1.073276e-04 6.407549e+12
1.073497e-04 6.456162e+12
1.073718e-04 6.420512e+12
1.073939e-04 6.354652e+12
1.074160e-04 6.354146e+12
1.074381e-04 6.344146e+12
1.074602e-04 6.433120e+12
1.074824e-04 6.454971e+12
1.075045e-04 6.411924e+12
1.075266e-04 6.522259e+12
1.075487e-04 6.432617e+12
1.075709e-04 6.435761e+12
1.075930e-04 6.483137e+12
1.076151e-04 6.416159e+12
1.076373e-04 6.436618e+12
1.076594e-04 6.284968e+12
1.076816e-04 6.245333e+12
1.077037e-04 6.353141e+12
1.077259e-04 6.428949e+12
1.077481e-04 6.391823e+12
1.077702e-04 6.394631e+12
1.077924e-04 6.433294e+12
1.078146e-04 6.412366e+12
1.078367e-04 6.442764e+12
1.078589e-04 6.505209e+12
1.078811e-04 6.416743e+12
1.079033e-04 6.371850e+12
1.079254e-04 6.386348e+12
1.079476e-04 6.345698e+12
1.079698e-04 6.337455e+12
1.079920e-04 6.307294e+12
1.080142e-04 6.303879e+12
1.080364e-04 6.302244e+12
1.080586e-04 6.298714e+12
1.080808e-04 6.280930e+12
1.081030e-04 6.279477e+12
1.081252e-04 6.332452e+12
1.081475e-04 6.363339e+12
1.081697e-04 6.354295e+12
1.081919e-04 6.368699e+12
1.082141e-04 6.347987e+12
1.082363e-04 6.292521e+12
1.082586e-04 6.247666e+12
1.082808e-04 6.200456e+12
1.083030e-04 6.203563e+12
1.083253e-04 6.157612e+12
1.083475e-04 6.167593e+12
1.083698e-04 6.212617e+12
1.083920e-04 6.207422e+12
1.084143e-04 6.210579e+12
1.084365e-04 6.221173e+12
1.084588e-04 6.171514e+12
1.084810e-04 6.108536e+12
1.085033e-04 6.102245e+12
1.085256e-04 6.048488e+12
1.085478e-04 5.990246e+12
1.085701e-04 5.892963e+12
1.085924e-04 5.942426e+12
1.086147e-04 5.982800e+12
1.086370e-04 6.056889e+12
1.086592e-04 6.042890e+12
1.086815e-04 6.069461e+12
1.087038e-04 5.984000e+12
1.087261e-04 5.984362e+12
1.087484e-04 6.029677e+12
1.087707e-04 6.108137e+12
1.087930e-04 6.031397e+12
1.088153e-04 6.007007e+12
1.088376e-04 5.988935e+12
1.088599e-04 5.946511e+12
1.088822e-04 5.870787e+12
1.089045e-04 5.858614e+12
1.089269e-04 5.862470e+12
1.089492e-04 5.811058e+12
1.089715e-04 5.748626e+12
1.089938e-04 5.741252e+12
1.090162e-04 5.710958e+12
1.090385e-04 5.758089e+12
1.090608e-04 5.797358e+12
1.090832e-04 5.748901e+12
1.091055e-04 5.678204e+12
1.091279e-04 5.605456e+12
1.091502e-04 5.506604e+12
1.091725e-04 5.364308e+12
1.091949e-04 5.146331e+12
1.092173e-04 4.942433e+12
1.092396e-04 4.872772e+12
1.092620e-04 4.942729e+12
1.092843e-04 4.965532e+12
1.093067e-04 4.901310e+12
1.093291e-04 4.794300e+12
1.093514e-04 4.745494e+12
1.093738e-04 4.736031e+12
1.093962e-04 4.795755e+12
1.094186e-04 4.868343e+12
1.094409e-04 4.935168e+12
1.094633e-04 5.071453e+12
1.094857e-04 5.183763e+12
1.095081e-04 5.213177e+12
1.095305e-04 5.217296e+12
1.095529e-04 5.261138e+12
1.095753e-04 5.334780e+12
1.095977e-04 5.440147e+12
1.096201e-04 5.570398e+12
1.096425e-04 5.639942e+12
1.096649e-04 5.613849e+12
1.096873e-04 5.540432e+12
1.097097e-04 5.444965e+12
1.097321e-04 5.384436e+12
1.097545e-04 5.385791e+12
1.097770e-04 5.426308e+12
1.097994e-04 5.492814e+12
1.098218e-04 5.497489e+12
1.098442e-04 5.437696e+12
1.098667e-04 5.364426e+12
1.098891e-04 5.305064e+12
1.099115e-04 5.275279e+12
1.099340e-04 5.264441e+12
1.099564e-04 5.276093e+12
1.099789e-04 5.323779e+12
1.100013e-04 5.338942e+12
1.100238e-04 5.324310e+12
1.100462e-04 5.355904e+12
1.100687e-04 5.367867e+12
1.100911e-04 5.325377e+12
1.101136e-04 5.306520e+12
1.101360e-04 5.243843e+12
1.101585e-04 5.152174e+12
1.101810e-04 5.123169e+12
1.102034e-04 5.149150e+12
1.102259e-04 5.176348e+12
1.102484e-04 5.201480e+12
1.102708e-04 5.235799e+12
1.102933e-04 5.279933e+12
1.103158e-04 5.270884e+12
1.103383e-04 5.203193e+12
1.103608e-04 5.118770e+12
1.103833e-04 5.063806e+12
1.104057e-04 5.084380e+12
1.104282e-04 5.134456e+12
1.104507e-04 5.163321e+12
1.104732e-04 5.137913e+12
1.104957e-04 5.053042e+12
1.105182e-04 4.905724e+12
1.105407e-04 4.833171e+12
1.105632e-04 4.753351e+12
1.105857e-04 4.757704e+12
1.106082e-04 4.844992e+12
1.106308e-04 4.979785e+12
1.106533e-04 5.109149e+12
1.106758e-04 5.100003e+12
1.106983e-04 5.038024e+12
1.107208e-04 4.870276e+12
1.107434e-04 4.730599e+12
1.107659e-04 4.557021e+12
1.107884e-04 4.572159e+12
1.108109e-04 4.623038e+12
1.108335e-04 4.749233e+12
1.108560e-04 4.790060e+12
1.108785e-04 4.825308e+12
1.109011e-04 4.852320e+12
1.109236e-04 4.888618e+12
1.109462e-04 4.826319e+12
1.109687e-04 4.792929e+12
1.109913e-04 4.647519e+12
1.110138e-04 4.470544e+12
1.110364e-04 4.373268e+12
1.110589e-04 4.322432e+12
1.110815e-04 4.347508e+12
1.111040e-04 4.409998e+12
1.111266e-04 4.551612e+12
1.111492e-04 4.611416e+12
1.111717e-04 4.576821e+12
1.111943e-04 4.407330e+12
1.112169e-04 4.189310e+12
1.112394e-04 3.903324e+12
1.112620e-04 3.666908e+12
1.112846e-04 3.535898e+12
1.113072e-04 3.541259e+12
1.113298e-04 3.696837e+12
1.113523e-04 3.864120e+12
1.113749e-04 4.117814e+12
1.113975e-04 4.082701e+12
1.114201e-04 3.969535e+12
1.114427e-04 3.722831e+12
1.114653e-04 3.455963e+12
1.114879e-04 3.403084e+12
1.115105e-04 3.359380e+12
1.115331e-04 3.322021e+12
1.115557e-04 3.090052e+12
1.115783e-04 2.816450e+12
1.116009e-04 2.571864e+12
1.116235e-04 2.503629e+12
1.116461e-04 2.572339e+12
1.116687e-04 2.764254e+12
1.116913e-04 2.989611e+12
1.117139e-04 3.211635e+12
1.117366e-04 3.318194e+12
1.117592e-04 3.164187e+12
1.117818e-04 3.125524e+12
1.118044e-04 2.990376e+12
1.118270e-04 2.812707e+12
1.118497e-04 2.657073e+12
1.118723e-04 2.583875e+12
1.118949e-04 2.593789e+12
1.119176e-04 2.669288e+12
1.119402e-04 2.681955e+12
1.119628e-04 2.669962e+12
1.119855e-04 2.710685e+12
1.120081e-04 2.864666e+12
1.120308e-04 3.006291e+12
1.120534e-04 3.006170e+12
1.120760e-04 2.910954e+12
1.120987e-04 2.738451e+12
1.121213e-04 2.497494e+12
1.121440e-04 2.291354e+12
1.121667e-04 2.125520e+12
1.121893e-04 2.046130e+12
1.122120e-04 2.120915e+12
1.122346e-04 2.315108e+12
1.122573e-04 2.446560e+12
1.122799e-04 2.591729e+12
1.123026e-04 2.600031e+12
1.123253e-04 2.591892e+12
1.123479e-04 2.664960e+12
1.123706e-04 2.809103e+12
1.123933e-04 2.929728e+12
1.124160e-04 2.920721e+12
1.124386e-04 2.755115e+12
1.124613e-04 2.514538e+12
1.124840e-04 2.285613e+12
1.125067e-04 2.139690e+12
1.125294e-04 2.123042e+12
1.125520e-04 2.214464e+12
1.125747e-04 2.380260e+12
1.125974e-04 2.535057e+12
1.126201e-04 2.683443e+12
1.126428e-04 2.721506e+12
1.126655e-04 2.654385e+12
1.126882e-04 2.515972e+12
1.127109e-04 2.387643e+12
1.127336e-04 2.353891e+12
1.127563e-04 2.405082e+12
1.127790e-04 2.470567e+12
1.128017e-04 2.486379e+12
1.128244e-04 2.451505e+12
1.128471e-04 2.409111e+12
1.128698e-04 2.343231e+12
1.128925e-04 2.281337e+12
1.129152e-04 2.259097e+12
1.129379e-04 2.292214e+12
1.129606e-04 2.448161e+12
1.129834e-04 2.728005e+12
1.130061e-04 3.057196e+12
1.130288e-04 3.325388e+12
1.130515e-04 3.498191e+12
1.130742e-04 3.574193e+12
1.130970e-04 3.582760e+12
1.131197e-04 3.558227e+12
1.131424e-04 3.464576e+12
1.131651e-04 3.324920e+12
1.131879e-04 3.167803e+12
1.132106e-04 3.024017e+12
1.132333e-04 2.887882e+12
1.132561e-04 2.679743e+12
1.132788e-04 2.447111e+12
1.133015e-04 2.254860e+12
1.133243e-04 2.097720e+12
1.133470e-04 1.996373e+12
1.133698e-04 1.892330e+12
1.133925e-04 1.781289e+12
1.134153e-04 1.718773e+12
1.134380e-04 1.729121e+12
1.134607e-04 1.841497e+12
1.134835e-04 2.005085e+12
1.135062e-04 2.183554e+12
1.135290e-04 2.326220e+12
1.135518e-04 2.436008e+12
1.135745e-04 2.579635e+12
1.135973e-04 2.763616e+12
1.136200e-04 3.070629e+12
1.136428e-04 3.324349e+12
1.136655e-04 3.397644e+12
1.136883e-04 3.338764e+12
1.137111e-04 3.256738e+12
1.137338e-04 3.222930e+12
1.137566e-04 3.183600e+12
1.137794e-04 3.131461e+12
1.138021e-04 3.159355e+12
1.138249e-04 3.273205e+12
1.138477e-04 3.477650e+12
1.138705e-04 3.608960e+12
1.138932e-04 3.566620e+12
1.139160e-04 3.433797e+12
1.139388e-04 3.283309e+12
1.139616e-04 3.207028e+12
1.139843e-04 3.159259e+12
1.140071e-04 3.117894e+12
1.140299e-04 3.042057e+12
1.140527e-04 2.944838e+12
1.140755e-04 2.867435e+12
1.140983e-04 2.941272e+12
1.141211e-04 2.999558e+12
1.141438e-04 3.064577e+12
1.141666e-04 3.153350e+12
1.141894e-04 3.210071e+12
1.142122e-04 3.311906e+12
1.142350e-04 3.385046e+12
1.142578e-04 3.397015e+12
1.142806e-04 3.326241e+12
1.143034e-04 3.209570e+12
1.143262e-04 2.940169e+12
1.143490e-04 2.745880e+12
1.143718e-04 2.934488e+12
1.143946e-04 2.391058e+12
1.144174e-04 2.384163e+12
1.144402e-04 2.438499e+12
1.144630e-04 2.448665e+12
1.144858e-04 2.493498e+12
1.145086e-04 2.503993e+12
1.145314e-04 2.513415e+12
1.145543e-04 2.498133e+12
1.145771e-04 2.423405e+12
1.145999e-04 2.322525e+12
1.146227e-04 2.214348e+12
1.146455e-04 2.181285e+12
1.146683e-04 2.198547e+12
1.146911e-04 2.321691e+12
1.147140e-04 2.621973e+12
1.147368e-04 2.909697e+12
1.147596e-04 3.190936e+12
1.147824e-04 3.317042e+12
1.148052e-04 3.295628e+12
1.148281e-04 3.159785e+12
1.148509e-04 3.087339e+12
1.148737e-04 3.014720e+12
1.148965e-04 2.875056e+12
1.149194e-04 2.716278e+12
1.149422e-04 2.657990e+12
1.149650e-04 2.735451e+12
1.149879e-04 2.892824e+12
1.150107e-04 3.064290e+12
1.150335e-04 3.171519e+12
1.150564e-04 3.164243e+12
1.150792e-04 3.210710e+12
1.151020e-04 3.240860e+12
1.151249e-04 3.163873e+12
1.151477e-04 3.044004e+12
1.151706e-04 2.949131e+12
1.151934e-04 2.911613e+12
1.152162e-04 2.940574e+12
1.152391e-04 3.080568e+12
1.152619e-04 3.149640e+12
1.152848e-04 3.155408e+12
1.153076e-04 3.152352e+12
1.153305e-04 3.004571e+12
1.153533e-04 2.905389e+12
1.153762e-04 2.914015e+12
1.153990e-04 3.046564e+12
1.154218e-04 3.196087e+12
1.154447e-04 3.327203e+12
1.154675e-04 3.389132e+12
1.154904e-04 3.391883e+12
1.155133e-04 3.366187e+12
1.155361e-04 3.400133e+12
1.155590e-04 3.427596e+12
1.155818e-04 3.548162e+12
1.156047e-04 3.617853e+12
1.156275e-04 3.663488e+12
1.156504e-04 3.702263e+12
1.156732e-04 3.667841e+12
1.156961e-04 3.577849e+12
1.157190e-04 3.533144e+12
1.157418e-04 3.539235e+12
1.157647e-04 3.595920e+12
1.157876e-04 3.667853e+12
1.158104e-04 3.703754e+12
1.158333e-04 3.721376e+12
1.158561e-04 3.704870e+12
1.158790e-04 3.680076e+12
1.159019e-04 3.677963e+12
1.159247e-04 3.654446e+12
1.159476e-04 3.622766e+12
1.159705e-04 3.562469e+12
1.159934e-04 3.572543e+12
1.160162e-04 3.617287e+12
1.160391e-04 3.701286e+12
1.160620e-04 3.768276e+12
1.160848e-04 3.802531e+12
1.161077e-04 3.838680e+12
1.161306e-04 3.856663e+12
1.161535e-04 3.861888e+12
1.161763e-04 3.880388e+12
1.161992e-04 3.954269e+12
1.162221e-04 4.048781e+12
1.162450e-04 4.118982e+12
1.162678e-04 4.139578e+12
1.162907e-04 4.129263e+12
1.163136e-04 4.087321e+12
1.163365e-04 4.032242e+12
1.163594e-04 4.035127e+12
1.163822e-04 4.057905e+12
1.164051e-04 4.064705e+12
1.164280e-04 4.035604e+12
1.164509e-04 3.961392e+12
1.164738e-04 3.898152e+12
1.164967e-04 3.832873e+12
1.165195e-04 3.819506e+12
1.165424e-04 3.849535e+12
1.165653e-04 3.849380e+12
1.165882e-04 3.887986e+12
1.166111e-04 3.965799e+12
1.166340e-04 4.002902e+12
1.166569e-04 4.020512e+12
1.166797e-04 4.070594e+12
1.167026e-04 4.093324e+12
1.167255e-04 4.092276e+12
1.167484e-04 4.109305e+12
1.167713e-04 4.113252e+12
1.167942e-04 4.124535e+12
1.168171e-04 4.141728e+12
1.168400e-04 4.150713e+12
1.168629e-04 4.181496e+12
1.168858e-04 4.218663e+12
1.169087e-04 4.238913e+12
1.169316e-04 4.253475e+12
1.169544e-04 4.227835e+12
1.169773e-04 4.167876e+12
1.170002e-04 4.092283e+12
1.170231e-04 4.090534e+12
1.170460e-04 4.213808e+12
1.170689e-04 4.265975e+12
1.170918e-04 4.283941e+12
1.171147e-04 4.319465e+12
1.171376e-04 4.314593e+12
1.171605e-04 4.299187e+12
1.171834e-04 4.267225e+12
1.172063e-04 4.247300e+12
1.172292e-04 4.248094e+12
1.172521e-04 4.213143e+12
1.172750e-04 4.155231e+12
1.172979e-04 4.083333e+12
1.173208e-04 3.991940e+12
1.173437e-04 3.915544e+12
1.173666e-04 3.923728e+12
1.173895e-04 3.990635e+12
1.174124e-04 4.070707e+12
1.174353e-04 4.160839e+12
1.174582e-04 4.200052e+12
1.174811e-04 4.221537e+12
1.175040e-04 4.267795e+12
1.175269e-04 4.336313e+12
1.175498e-04 4.414355e+12
1.175727e-04 4.511191e+12
1.175956e-04 4.582474e+12
1.176185e-04 4.561323e+12
1.176414e-04 4.510781e+12
1.176643e-04 4.422787e+12
1.176872e-04 4.345818e+12
1.177102e-04 4.294054e+12
1.177331e-04 4.297870e+12
1.177560e-04 4.377576e+12
1.177789e-04 4.484339e+12
1.178018e-04 4.587438e+12
1.178247e-04 4.663704e+12
1.178476e-04 4.764322e+12
1.178705e-04 4.821576e+12
1.178934e-04 4.826829e+12
1.179163e-04 4.849368e+12
1.179392e-04 4.922849e+12
1.179621e-04 4.972594e+12
1.179850e-04 5.008045e+12
1.180079e-04 5.076339e+12
1.180308e-04 5.108003e+12
1.180537e-04 5.074641e+12
1.180767e-04 4.993570e+12
1.180996e-04 4.916090e+12
1.181225e-04 4.865212e+12
1.181454e-04 4.831994e+12
1.181683e-04 4.821952e+12
1.181912e-04 4.939008e+12
1.182141e-04 5.069433e+12
1.182370e-04 5.166213e+12
1.182599e-04 5.309060e+12
1.182828e-04 5.376636e+12
1.183057e-04 5.394707e+12
1.183286e-04 5.330922e+12
1.183516e-04 5.292504e+12
1.183745e-04 5.213555e+12
1.183974e-04 5.196230e+12
1.184203e-04 5.180711e+12
1.184432e-04 5.149088e+12
1.184661e-04 5.272280e+12
1.184890e-04 5.427085e+12
1.185119e-04 5.467527e+12
1.185348e-04 5.499843e+12
1.185577e-04 5.540535e+12
1.185806e-04 5.558539e+12
1.186035e-04 5.497810e+12
1.186265e-04 5.509667e+12
1.186494e-04 5.450991e+12
1.186723e-04 5.402411e+12
1.186952e-04 5.327120e+12
1.187181e-04 5.275729e+12
1.187410e-04 5.181832e+12
1.187639e-04 5.182680e+12
1.187868e-04 5.212007e+12
1.188097e-04 5.279627e+12
1.188326e-04 5.377730e+12
1.188555e-04 5.430752e+12
1.188784e-04 5.471302e+12
1.189014e-04 5.519300e+12
1.189243e-04 5.526142e+12
1.189472e-04 5.576085e+12
1.189701e-04 5.517232e+12
1.189930e-04 5.437173e+12
1.190159e-04 5.426886e+12
1.190388e-04 5.401818e+12
1.190617e-04 5.463423e+12
1.190846e-04 5.443773e+12
1.191075e-04 5.427210e+12
1.191304e-04 5.442865e+12
1.191533e-04 5.424764e+12
1.191762e-04 5.437050e+12
1.191991e-04 5.437354e+12
1.192220e-04 5.357022e+12
1.192449e-04 5.293629e+12
1.192678e-04 5.231187e+12
1.192908e-04 5.147509e+12
1.193137e-04 4.760279e+12
1.193366e-04 5.149050e+12
1.193595e-04 5.148243e+12
1.193824e-04 5.128694e+12
1.194053e-04 5.052264e+12
1.194282e-04 5.008820e+12
1.194511e-04 4.913274e+12
1.194740e-04 4.881656e+12
1.194969e-04 4.806031e+12
1.195198e-04 4.746098e+12
1.195427e-04 4.767569e+12
1.195656e-04 4.763222e+12
1.195885e-04 4.714104e+12
1.196114e-04 4.685987e+12
1.196343e-04 4.628026e+12
1.196572e-04 4.558149e+12
1.196801e-04 4.543472e+12
1.197030e-04 4.478125e+12
1.197259e-04 4.414945e+12
1.197488e-04 4.350610e+12
1.197717e-04 4.264074e+12
1.197946e-04 4.241697e+12
1.198175e-04 4.165522e+12
1.198404e-04 4.093212e+12
1.198633e-04 4.061048e+12
1.198862e-04 4.046792e+12
1.199090e-04 4.069951e+12
1.199319e-04 4.014492e+12
1.199548e-04 3.967470e+12
1.199777e-04 3.923006e+12
1.200006e-04 3.785594e+12
1.200235e-04 3.824227e+12
1.200464e-04 3.813306e+12
1.200693e-04 3.731744e+12
1.200922e-04 3.704584e+12
1.201151e-04 3.675305e+12
1.201380e-04 3.656755e+12
1.201609e-04 3.628883e+12
1.201838e-04 3.542215e+12
1.202066e-04 3.552208e+12
1.202295e-04 3.500848e+12
1.202524e-04 3.460396e+12
1.202753e-04 3.369993e+12
1.202982e-04 3.356498e+12
1.203211e-04 3.316998e+12
1.203440e-04 3.294339e+12
1.203669e-04 3.282502e+12
1.203897e-04 3.225890e+12
1.204126e-04 3.241998e+12
1.204355e-04 3.208526e+12
1.204584e-04 3.198868e+12
1.204813e-04 3.125727e+12
1.205042e-04 3.124929e+12
1.205270e-04 3.119877e+12
1.205499e-04 3.105409e+12
1.205728e-04 3.094516e+12
1.205957e-04 3.082681e+12
1.206186e-04 3.041726e+12
1.206414e-04 3.024238e+12
1.206643e-04 2.983748e+12
1.206872e-04 2.965871e+12
1.207101e-04 2.922098e+12
