1.206080e-04 3.280207e+12
1.206343e-04 3.328432e+12
1.206605e-04 3.371050e+12
1.206867e-04 3.434274e+12
1.207129e-04 3.510555e+12
1.207392e-04 3.636952e+12
1.207654e-04 3.389128e+12
1.207916e-04 3.411715e+12
1.208179e-04 3.854311e+12
1.208441e-04 3.864458e+12
1.208704e-04 3.909994e+12
1.208966e-04 4.019694e+12
1.209229e-04 4.167945e+12
1.209492e-04 4.261026e+12
1.209754e-04 4.362913e+12
1.210017e-04 4.464426e+12
1.210280e-04 4.523813e+12
1.210543e-04 4.518067e+12
1.210806e-04 4.519462e+12
1.211068e-04 4.533775e+12
1.211331e-04 4.601276e+12
1.211594e-04 4.722156e+12
1.211857e-04 4.832515e+12
1.212120e-04 4.960475e+12
1.212383e-04 5.059103e+12
1.212646e-04 5.135929e+12
1.212910e-04 5.180581e+12
1.213173e-04 5.216685e+12
1.213436e-04 5.211305e+12
1.213699e-04 5.165479e+12
1.213963e-04 5.220485e+12
1.214226e-04 5.283875e+12
1.214489e-04 5.339437e+12
1.214753e-04 5.431216e+12
1.215016e-04 5.490089e+12
1.215280e-04 5.631769e+12
1.215543e-04 5.696557e+12
1.215807e-04 5.698105e+12
1.216070e-04 5.719664e+12
1.216334e-04 5.732473e+12
1.216598e-04 5.738808e+12
1.216861e-04 5.840918e+12
1.217125e-04 5.962516e+12
1.217389e-04 5.921038e+12
1.217653e-04 6.025141e+12
1.217917e-04 5.847027e+12
1.218180e-04 5.884920e+12
1.218444e-04 6.064216e+12
1.218708e-04 5.900146e+12
1.218972e-04 5.886408e+12
1.219236e-04 5.961326e+12
1.219501e-04 5.971867e+12
1.219765e-04 5.982861e+12
1.220029e-04 6.051770e+12
1.220293e-04 6.052197e+12
1.220557e-04 6.072289e+12
1.220822e-04 6.022166e+12
1.221086e-04 5.978977e+12
1.221350e-04 5.983434e+12
1.221615e-04 6.006505e+12
1.221879e-04 6.052303e+12
1.222143e-04 6.001541e+12
1.222408e-04 6.060637e+12
1.222672e-04 6.080086e+12
1.222937e-04 6.122786e+12
1.223202e-04 6.052721e+12
1.223466e-04 6.054864e+12
1.223731e-04 6.120416e+12
1.223996e-04 6.176617e+12
1.224260e-04 6.211286e+12
1.224525e-04 6.160234e+12
1.224790e-04 6.223757e+12
1.225055e-04 6.232279e+12
1.225320e-04 6.201826e+12
1.225585e-04 6.228476e+12
1.225850e-04 6.210282e+12
1.226115e-04 6.210605e+12
1.226380e-04 6.136143e+12
1.226645e-04 6.157986e+12
1.226910e-04 6.155862e+12
1.227175e-04 6.230769e+12
1.227440e-04 6.182516e+12
1.227706e-04 6.147196e+12
1.227971e-04 6.320289e+12
1.228236e-04 6.350501e+12
1.228501e-04 6.268035e+12
1.228767e-04 6.308630e+12
1.229032e-04 6.236603e+12
1.229298e-04 6.262840e+12
1.229563e-04 6.333678e+12
1.229829e-04 6.367711e+12
1.230094e-04 6.368914e+12
1.230360e-04 6.383349e+12
1.230625e-04 6.420384e+12
1.230891e-04 6.414983e+12
1.231157e-04 6.435174e+12
1.231422e-04 6.411437e+12
1.231688e-04 6.399458e+12
1.231954e-04 6.388615e+12
1.232220e-04 6.366354e+12
1.232486e-04 6.360125e+12
1.232751e-04 6.364889e+12
1.233017e-04 6.361975e+12
1.233283e-04 6.395953e+12
1.233549e-04 6.405905e+12
1.233815e-04 6.421723e+12
1.234081e-04 6.438878e+12
1.234348e-04 6.420452e+12
1.234614e-04 6.433111e+12
1.234880e-04 6.408931e+12
1.235146e-04 6.426712e+12
1.235412e-04 6.459996e+12
1.235679e-04 6.443505e+12
1.235945e-04 6.435092e+12
1.236211e-04 6.378725e+12
1.236478e-04 6.388133e+12
1.236744e-04 6.424958e+12
1.237010e-04 6.429530e+12
1.237277e-04 6.416116e+12
1.237543e-04 6.375645e+12
1.237810e-04 6.416568e+12
1.238077e-04 6.400462e+12
1.238343e-04 6.403247e+12
1.238610e-04 6.417053e+12
1.238877e-04 6.400756e+12
1.239143e-04 6.401627e+12
1.239410e-04 6.335747e+12
1.239677e-04 6.364431e+12
1.239944e-04 6.398008e+12
1.240210e-04 6.396223e+12
1.240477e-04 6.398339e+12
1.240744e-04 6.363857e+12
1.241011e-04 6.350639e+12
1.241278e-04 6.358215e+12
1.241545e-04 6.389702e+12
1.241812e-04 6.394870e+12
1.242079e-04 6.342356e+12
1.242347e-04 6.323152e+12
1.242614e-04 6.320837e+12
1.242881e-04 6.271184e+12
1.243148e-04 6.210409e+12
1.243415e-04 6.197481e+12
1.243683e-04 6.227742e+12
1.243950e-04 6.114815e+12
1.244217e-04 6.171798e+12
1.244485e-04 6.274919e+12
1.244752e-04 6.277945e+12
1.245020e-04 6.290006e+12
1.245287e-04 6.386585e+12
1.245555e-04 6.404587e+12
1.245822e-04 6.225370e+12
1.246090e-04 6.144184e+12
1.246357e-04 6.214049e+12
1.246625e-04 6.262593e+12
1.246893e-04 6.280115e+12
1.247160e-04 6.284572e+12
1.247428e-04 6.273586e+12
1.247696e-04 6.269490e+12
1.247964e-04 6.267997e+12
1.248232e-04 6.269585e+12
1.248500e-04 6.234075e+12
1.248767e-04 6.268454e+12
1.249035e-04 6.288976e+12
1.249303e-04 6.282604e+12
1.249571e-04 6.290317e+12
1.249839e-04 6.272344e+12
1.250107e-04 6.286352e+12
1.250376e-04 6.271563e+12
1.250644e-04 6.267161e+12
1.250912e-04 6.272145e+12
1.251180e-04 6.268157e+12
1.251448e-04 6.283847e+12
1.251717e-04 6.239280e+12
1.251985e-04 6.236018e+12
1.252253e-04 6.236695e+12
1.252522e-04 6.241008e+12
1.252790e-04 6.231374e+12
1.253058e-04 6.197405e+12
1.253327e-04 6.160420e+12
1.253595e-04 6.120253e+12
1.253864e-04 6.106393e+12
1.254132e-04 6.172342e+12
1.254401e-04 6.159191e+12
1.254670e-04 6.184318e+12
1.254938e-04 6.123973e+12
1.255207e-04 6.082799e+12
1.255476e-04 6.073426e+12
1.255744e-04 6.054548e+12
1.256013e-04 6.120011e+12
1.256282e-04 6.090533e+12
1.256551e-04 6.038333e+12
1.256820e-04 5.968354e+12
1.257089e-04 6.005193e+12
1.257357e-04 5.968398e+12
1.257626e-04 5.960295e+12
1.257895e-04 5.907803e+12
1.258164e-04 5.933853e+12
1.258433e-04 5.830534e+12
1.258703e-04 5.799133e+12
1.258972e-04 5.732920e+12
1.259241e-04 5.917883e+12
1.259510e-04 5.720870e+12
1.259779e-04 5.720909e+12
1.260048e-04 5.652085e+12
1.260318e-04 5.568416e+12
1.260587e-04 5.564463e+12
1.260856e-04 5.515029e+12
1.261126e-04 5.580487e+12
1.261395e-04 5.533467e+12
1.261664e-04 5.469047e+12
1.261934e-04 5.385532e+12
1.262203e-04 5.352247e+12
1.262473e-04 5.329498e+12
1.262742e-04 5.308452e+12
1.263012e-04 5.285454e+12
1.263282e-04 5.236632e+12
1.263551e-04 5.226008e+12
1.263821e-04 5.194326e+12
1.264091e-04 5.182926e+12
1.264360e-04 5.214778e+12
1.264630e-04 5.230431e+12
1.264900e-04 5.189784e+12
1.265170e-04 5.184187e+12
1.265439e-04 5.017006e+12
1.265709e-04 5.194132e+12
1.265979e-04 5.202991e+12
1.266249e-04 5.075312e+12
1.266519e-04 4.887798e+12
1.266789e-04 5.208662e+12
1.267059e-04 5.205429e+12
1.267329e-04 5.098733e+12
1.267599e-04 5.016790e+12
1.267869e-04 4.802112e+12
1.268139e-04 4.598052e+12
1.268410e-04 4.482373e+12
1.268680e-04 4.560531e+12
1.268950e-04 4.769975e+12
1.269220e-04 4.956744e+12
1.269490e-04 5.070644e+12
1.269761e-04 5.252585e+12
1.270031e-04 5.301429e+12
1.270301e-04 5.365354e+12
1.270572e-04 5.309293e+12
1.270842e-04 5.435909e+12
1.271113e-04 5.355886e+12
1.271383e-04 5.413886e+12
1.271654e-04 5.398207e+12
1.271924e-04 5.459154e+12
1.272195e-04 5.423071e+12
1.272465e-04 5.441170e+12
1.272736e-04 5.471202e+12
1.273007e-04 5.472535e+12
1.273277e-04 5.474895e+12
1.273548e-04 5.471128e+12
1.273819e-04 5.473020e+12
1.274089e-04 5.492918e+12
1.274360e-04 5.525432e+12
1.274631e-04 5.585858e+12
1.274902e-04 5.589484e+12
1.275173e-04 5.564806e+12
1.275444e-04 5.574122e+12
1.275715e-04 5.574612e+12
1.275986e-04 5.520643e+12
1.276257e-04 5.534340e+12
1.276528e-04 5.523298e+12
1.276799e-04 5.537149e+12
1.277070e-04 5.565244e+12
1.277341e-04 5.521408e+12
1.277612e-04 5.570464e+12
1.277883e-04 5.533061e+12
1.278154e-04 5.491986e+12
1.278425e-04 5.497677e+12
1.278697e-04 5.475128e+12
1.278968e-04 5.420784e+12
1.279239e-04 5.307715e+12
1.279510e-04 5.225330e+12
1.279782e-04 5.248939e+12
1.280053e-04 5.264259e+12
1.280325e-04 5.132584e+12
1.280596e-04 5.028984e+12
1.280867e-04 4.950169e+12
1.281139e-04 4.781314e+12
1.281410e-04 4.689830e+12
1.281682e-04 4.701259e+12
1.281954e-04 4.755300e+12
1.282225e-04 4.859923e+12
1.282497e-04 5.005981e+12
1.282768e-04 5.150119e+12
1.283040e-04 5.238988e+12
1.283312e-04 5.311703e+12
1.283583e-04 5.364879e+12
1.283855e-04 5.401708e+12
1.284127e-04 5.461641e+12
1.284399e-04 5.519377e+12
1.284671e-04 5.564362e+12
1.284942e-04 5.629630e+12
1.285214e-04 5.668104e+12
1.285486e-04 5.656682e+12
1.285758e-04 5.666206e+12
1.286030e-04 5.702025e+12
1.286302e-04 5.688522e+12
1.286574e-04 5.668762e+12
1.286846e-04 5.720409e+12
1.287118e-04 5.744266e+12
1.287390e-04 5.711547e+12
1.287662e-04 5.680728e+12
1.287935e-04 5.674075e+12
1.288207e-04 5.668341e+12
1.288479e-04 5.661469e+12
1.288751e-04 5.689608e+12
1.289023e-04 5.705418e+12
1.289296e-04 5.676863e+12
1.289568e-04 5.708886e+12
1.289840e-04 5.750982e+12
1.290113e-04 5.747890e+12
1.290385e-04 5.763103e+12
1.290657e-04 5.745358e+12
1.290930e-04 5.693363e+12
1.291202e-04 5.663792e+12
1.291475e-04 5.664152e+12
1.291747e-04 5.634284e+12
1.292020e-04 5.603089e+12
1.292292e-04 5.566717e+12
1.292565e-04 5.628325e+12
1.292837e-04 5.705345e+12
1.293110e-04 5.706038e+12
1.293383e-04 5.659311e+12
1.293655e-04 5.682313e+12
1.293928e-04 5.663537e+12
1.294201e-04 5.612509e+12
1.294474e-04 5.545519e+12
1.294746e-04 5.540658e+12
1.295019e-04 5.472680e+12
1.295292e-04 5.418359e+12
1.295565e-04 5.430436e+12
1.295838e-04 5.437751e+12
1.296111e-04 5.394719e+12
1.296383e-04 5.398798e+12
1.296656e-04 5.321969e+12
1.296929e-04 5.308330e+12
1.297202e-04 5.323618e+12
1.297475e-04 5.390002e+12
1.297748e-04 5.428309e+12
1.298022e-04 5.479293e+12
1.298295e-04 5.386832e+12
1.298568e-04 5.283792e+12
1.298841e-04 5.309581e+12
1.299114e-04 5.374046e+12
1.299387e-04 5.312491e+12
1.299660e-04 5.273741e+12
1.299934e-04 5.201926e+12
1.300207e-04 5.164756e+12
1.300480e-04 5.124067e+12
1.300754e-04 5.205740e+12
1.301027e-04 5.211084e+12
1.301300e-04 5.286641e+12
1.301574e-04 5.343411e+12
1.301847e-04 5.294936e+12
1.302120e-04 5.212325e+12
1.302394e-04 5.163714e+12
1.302667e-04 5.151003e+12
1.302941e-04 5.068138e+12
1.303214e-04 4.945333e+12
1.303488e-04 4.823902e+12
1.303762e-04 4.760331e+12
1.304035e-04 4.803805e+12
1.304309e-04 4.926957e+12
1.304582e-04 5.034459e+12
1.304856e-04 5.145109e+12
1.305130e-04 5.155211e+12
1.305403e-04 5.095360e+12
1.305677e-04 5.026850e+12
1.305951e-04 4.839823e+12
1.306225e-04 4.759182e+12
1.306499e-04 4.680146e+12
1.306772e-04 4.774739e+12
1.307046e-04 4.887669e+12
1.307320e-04 4.854724e+12
1.307594e-04 4.822032e+12
1.307868e-04 4.892763e+12
1.308142e-04 4.893219e+12
1.308416e-04 4.925792e+12
1.308690e-04 4.860481e+12
1.308964e-04 4.724454e+12
1.309238e-04 4.591546e+12
1.309512e-04 4.515847e+12
1.309786e-04 4.474219e+12
1.310060e-04 4.485192e+12
1.310334e-04 4.600844e+12
1.310608e-04 4.759258e+12
1.310882e-04 4.883188e+12
1.311157e-04 4.896235e+12
1.311431e-04 4.876178e+12
1.311705e-04 4.738304e+12
1.311979e-04 4.636649e+12
1.312254e-04 4.518859e+12
1.312528e-04 4.461385e+12
1.312802e-04 4.391835e+12
1.313077e-04 4.325402e+12
1.313351e-04 4.285256e+12
1.313625e-04 4.318673e+12
1.313900e-04 4.324001e+12
1.314174e-04 4.284407e+12
1.314449e-04 4.297790e+12
1.314723e-04 4.295133e+12
1.314998e-04 4.356004e+12
1.315272e-04 4.449592e+12
1.315547e-04 4.551678e+12
1.315821e-04 4.602381e+12
1.316096e-04 4.571573e+12
1.316370e-04 4.505230e+12
1.316645e-04 4.511759e+12
1.316920e-04 4.593565e+12
1.317194e-04 4.584799e+12
1.317469e-04 4.528380e+12
1.317744e-04 4.406243e+12
1.318018e-04 4.293287e+12
1.318293e-04 4.160671e+12
1.318568e-04 4.092246e+12
1.318843e-04 4.073898e+12
1.319117e-04 4.041755e+12
1.319392e-04 3.994420e+12
1.319667e-04 4.016256e+12
1.319942e-04 4.057504e+12
1.320217e-04 4.142343e+12
1.320492e-04 4.219338e+12
1.320767e-04 4.272348e+12
1.321042e-04 4.301617e+12
1.321317e-04 4.340894e+12
1.321592e-04 4.313132e+12
1.321867e-04 4.216879e+12
1.322142e-04 4.055250e+12
1.322417e-04 3.939348e+12
1.322692e-04 3.890892e+12
1.322967e-04 3.857895e+12
1.323242e-04 3.927162e+12
1.323517e-04 3.985556e+12
1.323792e-04 4.054288e+12
1.324068e-04 4.184513e+12
1.324343e-04 4.263705e+12
1.324618e-04 4.339325e+12
1.324893e-04 4.304509e+12
1.325169e-04 4.261339e+12
1.325444e-04 4.246985e+12
1.325719e-04 4.206000e+12
1.325994e-04 4.165873e+12
1.326270e-04 4.075947e+12
1.326545e-04 4.004834e+12
1.326821e-04 3.965021e+12
1.327096e-04 3.902770e+12
1.327371e-04 3.797368e+12
1.327647e-04 3.687267e+12
1.327922e-04 3.529859e+12
1.328198e-04 3.391510e+12
1.328473e-04 3.326269e+12
1.328749e-04 3.367799e+12
1.329024e-04 3.444481e+12
1.329300e-04 3.433188e+12
1.329575e-04 3.442177e+12
1.329851e-04 3.441622e+12
1.330127e-04 3.304021e+12
1.330402e-04 3.109984e+12
1.330678e-04 2.947278e+12
1.330954e-04 2.798884e+12
1.331229e-04 2.747969e+12
1.331505e-04 2.799355e+12
1.331781e-04 2.911974e+12
1.332056e-04 3.031405e+12
1.332332e-04 3.141082e+12
1.332608e-04 3.159355e+12
1.332884e-04 3.067061e+12
1.333160e-04 3.005710e+12
1.333435e-04 3.040445e+12
1.333711e-04 3.148626e+12
1.333987e-04 3.263382e+12
1.334263e-04 3.380555e+12
1.334539e-04 3.489969e+12
1.334815e-04 3.492404e+12
1.335091e-04 3.408784e+12
1.335367e-04 3.274559e+12
1.335643e-04 3.253566e+12
1.335919e-04 3.310868e+12
1.336195e-04 3.283795e+12
1.336471e-04 3.203656e+12
1.336747e-04 3.087127e+12
1.337023e-04 3.019932e+12
1.337299e-04 3.028571e+12
1.337575e-04 3.125495e+12
1.337851e-04 3.233935e+12
1.338128e-04 3.293860e+12
1.338404e-04 3.293712e+12
1.338680e-04 3.281722e+12
1.338956e-04 3.267708e+12
1.339232e-04 3.176512e+12
1.339509e-04 2.985362e+12
1.339785e-04 2.839461e+12
1.340061e-04 2.805370e+12
1.340337e-04 2.827849e+12
1.340614e-04 2.864548e+12
1.340890e-04 2.901454e+12
1.341166e-04 3.007090e+12
1.341443e-04 3.089852e+12
1.341719e-04 3.166806e+12
1.341995e-04 3.137899e+12
1.342272e-04 3.042908e+12
1.342548e-04 2.947643e+12
1.342825e-04 2.784527e+12
1.343101e-04 2.524394e+12
1.343378e-04 2.233610e+12
1.343654e-04 2.022853e+12
1.343931e-04 1.930813e+12
1.344207e-04 1.984149e+12
1.344484e-04 2.099934e+12
1.344760e-04 2.182596e+12
1.345037e-04 2.159086e+12
1.345314e-04 2.109755e+12
1.345590e-04 2.056934e+12
1.345867e-04 1.994320e+12
1.346143e-04 1.932353e+12
1.346420e-04 1.868079e+12
1.346697e-04 1.735040e+12
1.346974e-04 1.521801e+12
1.347250e-04 1.333413e+12
1.347527e-04 1.177694e+12
1.347804e-04 1.074166e+12
1.348080e-04 1.078417e+12
1.348357e-04 1.157596e+12
1.348634e-04 1.270893e+12
1.348911e-04 1.345577e+12
1.349188e-04 1.321174e+12
1.349465e-04 1.240057e+12
1.349741e-04 1.126710e+12
1.350018e-04 1.028802e+12
1.350295e-04 9.406295e+11
1.350572e-04 8.904142e+11
1.350849e-04 8.718080e+11
1.351126e-04 8.639818e+11
1.351403e-04 8.529775e+11
1.351680e-04 8.069182e+11
1.351957e-04 8.056768e+11
1.352234e-04 8.039499e+11
1.352511e-04 7.846661e+11
1.352788e-04 7.573127e+11
1.353065e-04 7.375565e+11
1.353342e-04 7.333302e+11
1.353619e-04 7.247535e+11
1.353896e-04 7.161850e+11
1.354173e-04 7.065778e+11
1.354450e-04 6.894758e+11
1.354728e-04 6.792287e+11
1.355005e-04 6.883899e+11
1.355282e-04 6.731541e+11
1.355559e-04 6.710121e+11
1.355836e-04 6.673391e+11
1.356114e-04 6.696948e+11
1.356391e-04 6.582357e+11
1.356668e-04 6.705092e+11
1.356945e-04 6.571037e+11
1.357223e-04 6.587382e+11
1.357500e-04 6.387216e+11
1.357777e-04 6.392978e+11
1.358055e-04 6.539468e+11
1.358332e-04 6.246839e+11
1.358609e-04 6.296050e+11
1.358887e-04 6.274511e+11
1.359164e-04 6.241310e+11
1.359441e-04 6.257328e+11
1.359719e-04 6.198621e+11
1.359996e-04 6.095643e+11
1.360274e-04 6.055837e+11
1.360551e-04 6.113520e+11
1.360829e-04 6.116935e+11
1.361106e-04 1.148324e+12
1.361384e-04 6.160477e+11
1.361661e-04 6.035359e+11
1.361939e-04 5.940900e+11
1.362216e-04 5.852770e+11
1.362494e-04 5.847008e+11
1.362771e-04 5.832369e+11
1.363049e-04 5.824424e+11
1.363326e-04 5.875610e+11
1.363604e-04 5.750406e+11
1.363882e-04 5.672144e+11
1.364159e-04 5.663305e+11
1.364437e-04 5.714377e+11
1.364715e-04 5.635847e+11
1.364992e-04 5.594182e+11
1.365270e-04 5.649849e+11
1.365548e-04 5.550013e+11
1.365825e-04 5.559609e+11
1.366103e-04 5.581310e+11
1.366381e-04 5.558738e+11
1.366659e-04 5.437371e+11
1.366936e-04 5.501741e+11
1.367214e-04 5.508991e+11
1.367492e-04 5.337628e+11
1.367770e-04 5.454437e+11
1.368048e-04 5.393655e+11
1.368325e-04 5.391343e+11
1.368603e-04 5.369279e+11
1.368881e-04 5.384357e+11
1.369159e-04 5.456368e+11
1.369437e-04 5.370632e+11
1.369715e-04 5.324389e+11
1.369993e-04 5.374638e+11
1.370271e-04 5.363175e+11
1.370549e-04 5.290899e+11
1.370827e-04 5.229836e+11
1.371105e-04 5.199972e+11
1.371383e-04 5.288013e+11
1.371661e-04 5.224723e+11
1.371939e-04 5.119920e+11
1.372217e-04 5.029116e+11
1.372495e-04 5.159118e+11
1.372773e-04 5.277129e+11
1.373051e-04 5.288365e+11
1.373329e-04 5.258266e+11
1.373607e-04 5.212479e+11
1.373885e-04 5.235182e+11
1.374163e-04 5.244879e+11
1.374441e-04 5.313723e+11
1.374719e-04 5.309993e+11
1.374997e-04 5.442819e+11
1.375276e-04 5.445188e+11
1.375554e-04 5.331428e+11
1.375832e-04 5.264958e+11
1.376110e-04 5.222245e+11
1.376388e-04 5.249645e+11
1.376666e-04 5.377888e+11
1.376945e-04 5.570426e+11
1.377223e-04 5.532010e+11
1.377501e-04 5.437090e+11
1.377779e-04 5.374909e+11
1.378058e-04 5.280006e+11
1.378336e-04 5.201876e+11
1.378614e-04 5.060970e+11
1.378893e-04 5.075244e+11
1.379171e-04 5.056782e+11
1.379449e-04 5.007113e+11
1.379728e-04 4.971017e+11
1.380006e-04 4.946099e+11
1.380284e-04 5.017022e+11
1.380563e-04 4.888731e+11
1.380841e-04 4.863253e+11
1.381119e-04 4.842595e+11
1.381398e-04 4.805059e+11
1.381676e-04 4.789478e+11
1.381955e-04 4.852648e+11
1.382233e-04 4.879686e+11
1.382511e-04 4.840257e+11
1.382790e-04 4.780507e+11
1.383068e-04 4.789922e+11
1.383347e-04 4.804626e+11
1.383625e-04 4.719508e+11
1.383904e-04 4.716375e+11
1.384182e-04 4.789914e+11
1.384461e-04 4.793316e+11
1.384739e-04 4.775438e+11
1.385018e-04 4.784036e+11
1.385297e-04 4.783202e+11
1.385575e-04 4.775792e+11
1.385854e-04 4.819496e+11
1.386132e-04 4.867427e+11
1.386411e-04 4.872962e+11
1.386689e-04 4.884761e+11
1.386968e-04 4.832077e+11
1.387247e-04 4.830864e+11
1.387525e-04 4.906428e+11
1.387804e-04 4.911434e+11
1.388083e-04 4.974453e+11
1.388361e-04 5.075763e+11
1.388640e-04 5.127637e+11
1.388919e-04 5.162097e+11
1.389197e-04 5.206855e+11
1.389476e-04 5.233770e+11
1.389755e-04 5.248128e+11
1.390033e-04 5.251802e+11
1.390312e-04 5.274199e+11
1.390591e-04 5.399339e+11
1.390870e-04 5.369924e+11
1.391148e-04 5.178397e+11
1.391427e-04 5.087245e+11
1.391706e-04 4.985988e+11
1.391985e-04 4.971219e+11
1.392264e-04 4.953358e+11
1.392542e-04 4.879698e+11
1.392821e-04 4.880224e+11
1.393100e-04 4.810857e+11
1.393379e-04 4.755806e+11
1.393658e-04 4.886224e+11
1.393937e-04 4.882981e+11
1.394215e-04 4.876876e+11
1.394494e-04 4.894615e+11
1.394773e-04 4.817500e+11
1.395052e-04 4.810879e+11
1.395331e-04 4.818466e+11
1.395610e-04 4.854541e+11
1.395889e-04 4.958339e+11
1.396168e-04 5.045948e+11
1.396447e-04 5.216998e+11
1.396726e-04 5.404541e+11
1.397005e-04 5.636928e+11
1.397284e-04 5.758924e+11
1.397563e-04 5.790993e+11
1.397841e-04 5.843198e+11
1.398120e-04 5.709372e+11
1.398399e-04 5.507770e+11
1.398678e-04 5.293318e+11
1.398957e-04 5.217363e+11
1.399236e-04 5.112723e+11
1.399516e-04 5.016537e+11
1.399795e-04 5.025937e+11
1.400074e-04 5.069774e+11
1.400353e-04 5.139940e+11
1.400632e-04 5.137904e+11
1.400911e-04 5.301550e+11
1.401190e-04 5.539379e+11
1.401469e-04 5.898054e+11
1.401748e-04 6.159617e+11
1.402027e-04 6.264974e+11
1.402306e-04 6.223002e+11
1.402585e-04 6.114452e+11
1.402864e-04 5.864615e+11
1.403144e-04 5.562972e+11
1.403423e-04 5.459827e+11
1.403702e-04 5.321892e+11
1.403981e-04 5.336544e+11
1.404260e-04 5.303709e+11
1.404539e-04 5.424180e+11
1.404818e-04 5.485925e+11
1.405098e-04 5.580762e+11
1.405377e-04 5.637920e+11
1.405656e-04 5.754714e+11
1.405935e-04 5.729976e+11
1.406214e-04 5.652715e+11
1.406494e-04 5.706985e+11
1.406773e-04 5.656220e+11
1.407052e-04 5.675883e+11
1.407331e-04 5.739293e+11
1.407611e-04 5.887143e+11
1.407890e-04 5.852535e+11
1.408169e-04 5.829307e+11
1.408448e-04 5.681155e+11
1.408728e-04 5.685185e+11
1.409007e-04 5.636252e+11
1.409286e-04 5.562119e+11
1.409565e-04 5.720636e+11
1.409845e-04 5.814659e+11
1.410124e-04 6.020493e+11
1.410403e-04 6.083760e+11
1.410683e-04 6.227898e+11
1.410962e-04 6.510199e+11
1.411241e-04 6.746500e+11
1.411521e-04 7.142988e+11
1.411800e-04 7.834242e+11
1.412079e-04 8.317402e+11
1.412359e-04 8.573260e+11
1.412638e-04 8.425858e+11
1.412917e-04 8.026644e+11
1.413197e-04 7.502428e+11
1.413476e-04 6.949777e+11
1.413756e-04 6.506427e+11
1.414035e-04 6.259310e+11
1.414314e-04 6.262234e+11
1.414594e-04 6.635744e+11
1.414873e-04 7.210038e+11
1.415153e-04 7.977828e+11
1.415432e-04 8.894297e+11
1.415711e-04 9.243093e+11
1.415991e-04 9.183683e+11
1.416270e-04 8.924107e+11
1.416550e-04 8.602479e+11
1.416829e-04 8.368513e+11
1.417109e-04 8.180190e+11
1.417388e-04 7.920704e+11
1.417668e-04 7.836594e+11
1.417947e-04 7.738069e+11
1.418226e-04 7.585091e+11
1.418506e-04 7.399557e+11
1.418785e-04 7.308420e+11
1.419065e-04 7.273604e+11
1.419344e-04 7.465876e+11
1.419624e-04 7.790729e+11
1.419903e-04 8.071149e+11
1.420183e-04 8.630545e+11
1.420462e-04 9.182196e+11
1.420742e-04 9.740138e+11
1.421021e-04 1.032517e+12
1.421301e-04 1.026183e+12
1.421581e-04 1.104463e+12
1.421860e-04 1.092272e+12
1.422140e-04 1.045977e+12
1.422419e-04 9.980839e+11
1.422699e-04 9.649463e+11
1.422978e-04 9.646179e+11
1.423258e-04 9.896887e+11
1.423537e-04 1.039029e+12
1.423817e-04 1.107931e+12
1.424097e-04 1.141063e+12
1.424376e-04 1.139063e+12
1.424656e-04 1.154230e+12
1.424935e-04 1.166733e+12
1.425215e-04 1.187036e+12
1.425494e-04 1.241515e+12
1.425774e-04 1.273126e+12
1.426054e-04 1.281947e+12
1.426333e-04 1.258952e+12
1.426613e-04 1.206841e+12
1.426892e-04 1.152576e+12
1.427172e-04 1.076801e+12
1.427452e-04 1.039667e+12
1.427731e-04 1.046119e+12
1.428011e-04 1.113220e+12
1.428291e-04 1.208371e+12
1.428570e-04 1.322479e+12
1.428850e-04 1.427070e+12
1.429129e-04 1.541200e+12
1.429409e-04 1.650125e+12
1.429689e-04 1.685280e+12
1.429968e-04 1.683281e+12
1.430248e-04 1.647223e+12
1.430528e-04 1.544175e+12
1.430807e-04 1.438168e+12
1.431087e-04 1.334843e+12
1.431367e-04 1.270725e+12
1.431646e-04 1.280234e+12
1.431926e-04 1.318788e+12
1.432206e-04 1.409452e+12
1.432485e-04 1.475092e+12
1.432765e-04 1.511251e+12
1.433045e-04 1.497156e+12
1.433324e-04 1.511465e+12
1.433604e-04 1.520704e+12
1.433884e-04 1.534125e+12
1.434164e-04 1.593669e+12
1.434443e-04 1.654461e+12
1.434723e-04 1.720603e+12
1.435003e-04 1.779656e+12
1.435282e-04 1.805744e+12
1.435562e-04 1.814016e+12
1.435842e-04 1.828473e+12
1.436121e-04 1.830494e+12
1.436401e-04 1.796476e+12
1.436681e-04 1.779184e+12
1.436961e-04 1.802221e+12
1.437240e-04 1.829225e+12
1.437520e-04 1.895774e+12
1.437800e-04 1.975829e+12
1.438080e-04 2.037656e+12
1.438359e-04 2.086429e+12
