1.975080e-04 2.124911e+11
1.975531e-04 2.132944e+11
1.975982e-04 2.129280e+11
1.976434e-04 2.156587e+11
1.976885e-04 2.154160e+11
1.977337e-04 2.167890e+11
1.977788e-04 2.225987e+11
1.978240e-04 2.241528e+11
1.978692e-04 2.244377e+11
1.979144e-04 2.265975e+11
1.979595e-04 2.250833e+11
1.980047e-04 2.282318e+11
1.980499e-04 2.297678e+11
1.980951e-04 2.307200e+11
1.981403e-04 2.311581e+11
1.981855e-04 2.357511e+11
1.982308e-04 2.356429e+11
1.982760e-04 2.371580e+11
1.983212e-04 2.382159e+11
1.983664e-04 2.415657e+11
1.984117e-04 2.409153e+11
1.984569e-04 2.394896e+11
1.985022e-04 2.449366e+11
1.985474e-04 2.466948e+11
1.985927e-04 2.496589e+11
1.986380e-04 2.534343e+11
1.986832e-04 2.539195e+11
1.987285e-04 2.542455e+11
1.987738e-04 2.571458e+11
1.988191e-04 2.627446e+11
1.988644e-04 3.941091e+11
1.989097e-04 3.533695e+11
1.989550e-04 2.685215e+11
1.990003e-04 2.653915e+11
1.990456e-04 2.680043e+11
1.990910e-04 2.657007e+11
1.991363e-04 2.680589e+11
1.991816e-04 2.708860e+11
1.992270e-04 2.704402e+11
1.992723e-04 2.753357e+11
1.993177e-04 2.773363e+11
1.993630e-04 2.780950e+11
1.994084e-04 2.800649e+11
1.994538e-04 2.765638e+11
1.994992e-04 2.772137e+11
1.995445e-04 2.818010e+11
1.995899e-04 2.852618e+11
1.996353e-04 2.841082e+11
1.996807e-04 2.885997e+11
1.997261e-04 2.907317e+11
1.997715e-04 2.893205e+11
1.998169e-04 2.923242e+11
1.998624e-04 2.957810e+11
1.999078e-04 2.962035e+11
1.999532e-04 3.005874e+11
1.999987e-04 3.096917e+11
2.000441e-04 3.219012e+11
2.000896e-04 3.276949e+11
2.001350e-04 3.314865e+11
2.001805e-04 3.431010e+11
2.002259e-04 3.521835e+11
2.002714e-04 3.544918e+11
2.003169e-04 3.537933e+11
2.003624e-04 3.548405e+11
2.004078e-04 3.554341e+11
2.004533e-04 3.589470e+11
2.004988e-04 3.631723e+11
2.005443e-04 3.584974e+11
2.005899e-04 3.580476e+11
2.006354e-04 3.639377e+11
2.006809e-04 3.717155e+11
2.007264e-04 3.773751e+11
2.007719e-04 5.187647e+11
2.008175e-04 4.966095e+11
2.008630e-04 3.965938e+11
2.009086e-04 3.965669e+11
2.009541e-04 4.034821e+11
2.009997e-04 4.120472e+11
2.010452e-04 4.197706e+11
2.010908e-04 4.264881e+11
2.011364e-04 4.434967e+11
2.011820e-04 4.692982e+11
2.012275e-04 7.819344e+11
2.012731e-04 8.141230e+11
2.013187e-04 5.143395e+11
2.013643e-04 5.292892e+11
2.014099e-04 5.417834e+11
2.014555e-04 5.639075e+11
2.015011e-04 6.055185e+11
2.015468e-04 6.432028e+11
2.015924e-04 6.781162e+11
2.016380e-04 7.113103e+11
2.016837e-04 7.411233e+11
2.017293e-04 7.746269e+11
2.017750e-04 8.194993e+11
2.018206e-04 8.658499e+11
2.018663e-04 9.047622e+11
2.019119e-04 9.553528e+11
2.019576e-04 1.008037e+12
2.020033e-04 1.051253e+12
2.020489e-04 1.082131e+12
2.020946e-04 1.112587e+12
2.021403e-04 1.147927e+12
2.021860e-04 1.205935e+12
2.022317e-04 1.296633e+12
2.022774e-04 1.396260e+12
2.023231e-04 1.496679e+12
2.023688e-04 1.572170e+12
2.024146e-04 1.657240e+12
2.024603e-04 1.761132e+12
2.025060e-04 1.850499e+12
2.025517e-04 1.926574e+12
2.025975e-04 1.982146e+12
2.026432e-04 2.063033e+12
2.026890e-04 2.198055e+12
2.027347e-04 2.653168e+12
2.027805e-04 2.981260e+12
2.028263e-04 2.595671e+12
2.028720e-04 2.738311e+12
2.029178e-04 2.935929e+12
2.029636e-04 3.118266e+12
2.030094e-04 3.257571e+12
2.030552e-04 3.364157e+12
2.031010e-04 3.453597e+12
2.031468e-04 3.526918e+12
2.031926e-04 3.600650e+12
2.032384e-04 3.610782e+12
2.032842e-04 3.620607e+12
2.033300e-04 3.634002e+12
2.033758e-04 3.691534e+12
2.034217e-04 3.792476e+12
2.034675e-04 3.980878e+12
2.035134e-04 4.087857e+12
2.035592e-04 4.193494e+12
2.036050e-04 4.293982e+12
2.036509e-04 4.455403e+12
2.036968e-04 4.218766e+12
2.037426e-04 4.197292e+12
2.037885e-04 4.302668e+12
2.038344e-04 4.443322e+12
2.038803e-04 4.470844e+12
2.039261e-04 4.532158e+12
2.039720e-04 4.521583e+12
2.040179e-04 4.461340e+12
2.040638e-04 4.385177e+12
2.041097e-04 4.267833e+12
2.041556e-04 4.061800e+12
2.042016e-04 3.904747e+12
2.042475e-04 3.823637e+12
2.042934e-04 3.663778e+12
2.043393e-04 3.613943e+12
2.043853e-04 3.523980e+12
2.044312e-04 3.497738e+12
2.044772e-04 3.493650e+12
2.045231e-04 3.465013e+12
2.045691e-04 3.423793e+12
2.046150e-04 3.372497e+12
2.046610e-04 3.337412e+12
2.047069e-04 3.284798e+12
2.047529e-04 3.277498e+12
2.047989e-04 3.266932e+12
2.048449e-04 3.288659e+12
2.048909e-04 3.302220e+12
2.049369e-04 3.274699e+12
2.049829e-04 3.276280e+12
2.050289e-04 3.282404e+12
2.050749e-04 3.364432e+12
2.051209e-04 3.502726e+12
2.051669e-04 3.645641e+12
2.052129e-04 3.786278e+12
2.052589e-04 3.914169e+12
2.053050e-04 3.999242e+12
2.053510e-04 4.048969e+12
2.053970e-04 3.998968e+12
2.054431e-04 3.961735e+12
2.054891e-04 3.869274e+12
2.055352e-04 3.796786e+12
2.055812e-04 3.671336e+12
2.056273e-04 3.597193e+12
2.056734e-04 3.505482e+12
2.057194e-04 3.443327e+12
2.057655e-04 3.442533e+12
2.058116e-04 3.430884e+12
2.058577e-04 3.381401e+12
2.059038e-04 3.365576e+12
2.059499e-04 3.347814e+12
2.059960e-04 3.492222e+12
2.060421e-04 3.904881e+12
2.060882e-04 3.611761e+12
2.061343e-04 3.615111e+12
2.061804e-04 3.617114e+12
2.062265e-04 3.643876e+12
2.062727e-04 3.630248e+12
2.063188e-04 3.678976e+12
2.063649e-04 3.724672e+12
2.064111e-04 3.746906e+12
2.064572e-04 3.808382e+12
2.065034e-04 4.447962e+12
2.065495e-04 4.011739e+12
2.065957e-04 3.940438e+12
2.066418e-04 3.969306e+12
2.066880e-04 3.994700e+12
2.067342e-04 4.011638e+12
2.067804e-04 4.061969e+12
2.068265e-04 4.073643e+12
2.068727e-04 4.124286e+12
2.069189e-04 4.157821e+12
2.069651e-04 4.172528e+12
2.070113e-04 4.147931e+12
2.070575e-04 4.083308e+12
2.071037e-04 4.208097e+12
2.071499e-04 4.266544e+12
2.071962e-04 4.334403e+12
2.072424e-04 4.340823e+12
2.072886e-04 4.482744e+12
2.073348e-04 4.489879e+12
2.073811e-04 4.464080e+12
2.074273e-04 4.468699e+12
2.074735e-04 4.436614e+12
2.075198e-04 4.416243e+12
2.075660e-04 4.387627e+12
2.076123e-04 4.349490e+12
2.076586e-04 4.362974e+12
2.077048e-04 4.326264e+12
2.077511e-04 4.292682e+12
2.077974e-04 4.269962e+12
2.078436e-04 4.290869e+12
2.078899e-04 4.334768e+12
2.079362e-04 4.401770e+12
2.079825e-04 4.492843e+12
2.080288e-04 4.446493e+12
2.080751e-04 4.492686e+12
2.081214e-04 4.500124e+12
2.081677e-04 4.521493e+12
2.082140e-04 4.504759e+12
2.082603e-04 4.486252e+12
2.083067e-04 4.492610e+12
2.083530e-04 4.501922e+12
2.083993e-04 4.507318e+12
2.084457e-04 4.522588e+12
2.084920e-04 4.532999e+12
2.085383e-04 4.527357e+12
2.085847e-04 4.501556e+12
2.086310e-04 4.478082e+12
2.086774e-04 4.437159e+12
2.087237e-04 4.418692e+12
2.087701e-04 4.485614e+12
2.088165e-04 4.528096e+12
2.088628e-04 4.536199e+12
2.089092e-04 4.537843e+12
2.089556e-04 4.550365e+12
2.090020e-04 4.552845e+12
2.090484e-04 4.525511e+12
2.090948e-04 4.449815e+12
2.091412e-04 4.386500e+12
2.091876e-04 4.325908e+12
2.092340e-04 4.310448e+12
2.092804e-04 4.346868e+12
2.093268e-04 4.373990e+12
2.093732e-04 4.383130e+12
2.094196e-04 4.347996e+12
2.094661e-04 4.293641e+12
2.095125e-04 4.322399e+12
2.095589e-04 4.419024e+12
2.096054e-04 4.485286e+12
2.096518e-04 4.537164e+12
2.096982e-04 4.581859e+12
2.097447e-04 4.574896e+12
2.097911e-04 4.574086e+12
2.098376e-04 4.595424e+12
2.098841e-04 4.595462e+12
2.099305e-04 4.610874e+12
2.099770e-04 4.649055e+12
2.100235e-04 4.654878e+12
2.100700e-04 4.647068e+12
2.101164e-04 4.638899e+12
2.101629e-04 4.611383e+12
2.102094e-04 4.587382e+12
2.102559e-04 4.572137e+12
2.103024e-04 4.556610e+12
2.103489e-04 4.553733e+12
2.103954e-04 4.562910e+12
2.104419e-04 4.553868e+12
2.104884e-04 4.536206e+12
2.105349e-04 4.533062e+12
2.105815e-04 4.576277e+12
2.106280e-04 4.612346e+12
2.106745e-04 4.643881e+12
2.107211e-04 4.686225e+12
2.107676e-04 4.689699e+12
2.108141e-04 4.670141e+12
2.108607e-04 4.641264e+12
2.109072e-04 4.627940e+12
2.109538e-04 4.624545e+12
2.110003e-04 4.627456e+12
2.110469e-04 4.585140e+12
2.110935e-04 4.514100e+12
2.111400e-04 4.431769e+12
2.111866e-04 4.401403e+12
2.112332e-04 4.428059e+12
2.112798e-04 4.472438e+12
2.113263e-04 4.531115e+12
2.113729e-04 4.567637e+12
2.114195e-04 4.596499e+12
2.114661e-04 4.629117e+12
2.115127e-04 4.661011e+12
2.115593e-04 4.667538e+12
2.116059e-04 4.646383e+12
2.116525e-04 4.533565e+12
2.116991e-04 4.508463e+12
2.117458e-04 4.516258e+12
2.117924e-04 4.515569e+12
2.118390e-04 4.470894e+12
2.118856e-04 4.532520e+12
2.119323e-04 4.553844e+12
2.119789e-04 4.535954e+12
2.120255e-04 4.476487e+12
2.120722e-04 4.461267e+12
2.121188e-04 4.468312e+12
2.121655e-04 4.489043e+12
2.122121e-04 4.537731e+12
2.122588e-04 4.585323e+12
2.123054e-04 4.596910e+12
2.123521e-04 4.617380e+12
2.123988e-04 4.631086e+12
2.124455e-04 4.607483e+12
2.124921e-04 4.567918e+12
2.125388e-04 4.565905e+12
2.125855e-04 4.539459e+12
2.126322e-04 4.529517e+12
2.126789e-04 4.432545e+12
2.127256e-04 4.433779e+12
2.127723e-04 4.444994e+12
2.128190e-04 4.511266e+12
2.128657e-04 4.491800e+12
2.129124e-04 4.487782e+12
2.129591e-04 4.487993e+12
2.130058e-04 4.497374e+12
2.130525e-04 4.475174e+12
2.130992e-04 4.497439e+12
2.131460e-04 4.478788e+12
2.131927e-04 4.475916e+12
2.132394e-04 4.481319e+12
2.132862e-04 4.467785e+12
2.133329e-04 4.476116e+12
2.133797e-04 4.466431e+12
2.134264e-04 4.497636e+12
2.134732e-04 4.465428e+12
2.135199e-04 4.463853e+12
2.135667e-04 4.465726e+12
2.136134e-04 4.466727e+12
2.136602e-04 4.472519e+12
2.137070e-04 4.471135e+12
2.137537e-04 4.452344e+12
2.138005e-04 4.483269e+12
2.138473e-04 4.515371e+12
2.138941e-04 4.562729e+12
2.139408e-04 4.628281e+12
2.139876e-04 4.633882e+12
2.140344e-04 4.636357e+12
2.140812e-04 4.607980e+12
2.141280e-04 4.641943e+12
2.141748e-04 4.665091e+12
2.142216e-04 4.633610e+12
2.142684e-04 4.992693e+12
2.143153e-04 4.679471e+12
2.143621e-04 4.577469e+12
2.144089e-04 4.540680e+12
2.144557e-04 4.516391e+12
2.145025e-04 4.462185e+12
2.145494e-04 4.472315e+12
2.145962e-04 4.510905e+12
2.146430e-04 4.552323e+12
2.146899e-04 4.553498e+12
2.147367e-04 4.593541e+12
2.147836e-04 4.612263e+12
2.148304e-04 4.638961e+12
2.148773e-04 4.624764e+12
2.149241e-04 4.649318e+12
2.149710e-04 4.972130e+12
2.150178e-04 4.680413e+12
2.150647e-04 4.560652e+12
2.151116e-04 4.476852e+12
2.151584e-04 4.396389e+12
2.152053e-04 4.352213e+12
2.152522e-04 4.319404e+12
2.152991e-04 4.285531e+12
2.153460e-04 4.245756e+12
2.153928e-04 4.188447e+12
2.154397e-04 4.171651e+12
2.154866e-04 4.131060e+12
2.155335e-04 4.053562e+12
2.155804e-04 3.979083e+12
2.156273e-04 3.876121e+12
2.156742e-04 3.798265e+12
2.157212e-04 3.775547e+12
2.157681e-04 3.785927e+12
2.158150e-04 3.778975e+12
2.158619e-04 3.780440e+12
2.159088e-04 3.749943e+12
2.159558e-04 3.756659e+12
2.160027e-04 3.799403e+12
2.160496e-04 3.839520e+12
2.160965e-04 3.881895e+12
2.161435e-04 3.958469e+12
2.161904e-04 3.977570e+12
2.162374e-04 3.993935e+12
2.162843e-04 4.034808e+12
2.163313e-04 4.098367e+12
2.163782e-04 4.136306e+12
2.164252e-04 4.151915e+12
2.164721e-04 4.165875e+12
2.165191e-04 4.154550e+12
2.165661e-04 4.136340e+12
2.166130e-04 4.124991e+12
2.166600e-04 4.123872e+12
2.167070e-04 4.119972e+12
2.167540e-04 4.144363e+12
2.168009e-04 4.194135e+12
2.168479e-04 4.206873e+12
2.168949e-04 4.212763e+12
2.169419e-04 4.243405e+12
2.169889e-04 4.289428e+12
2.170359e-04 4.310911e+12
2.170829e-04 4.318187e+12
2.171299e-04 4.311036e+12
2.171769e-04 4.290819e+12
2.172239e-04 4.286412e+12
2.172709e-04 4.277362e+12
2.173179e-04 4.297091e+12
2.173649e-04 4.318622e+12
2.174120e-04 4.343008e+12
2.174590e-04 4.367336e+12
2.175060e-04 4.350068e+12
2.175530e-04 4.295850e+12
2.176001e-04 4.220421e+12
2.176471e-04 4.153288e+12
2.176941e-04 4.109248e+12
2.177412e-04 4.085351e+12
2.177882e-04 4.056712e+12
2.178353e-04 4.078165e+12
2.178823e-04 4.128059e+12
2.179294e-04 4.184647e+12
2.179764e-04 4.134659e+12
2.180235e-04 4.040019e+12
2.180705e-04 4.128317e+12
2.181176e-04 4.117513e+12
2.181647e-04 4.120041e+12
2.182117e-04 4.145981e+12
2.182588e-04 4.153784e+12
2.183059e-04 4.176295e+12
2.183529e-04 4.217779e+12
2.184000e-04 4.247931e+12
2.184471e-04 4.302408e+12
2.184942e-04 4.319277e+12
2.185413e-04 4.337595e+12
2.185884e-04 4.336619e+12
2.186355e-04 4.318953e+12
2.186826e-04 4.275760e+12
2.187296e-04 4.204660e+12
2.187768e-04 4.150537e+12
2.188239e-04 4.114983e+12
2.188710e-04 4.129909e+12
2.189181e-04 4.139793e+12
2.189652e-04 4.129427e+12
2.190123e-04 4.066864e+12
2.190594e-04 3.979914e+12
2.191065e-04 4.006942e+12
2.191537e-04 3.920093e+12
2.192008e-04 3.906121e+12
2.192479e-04 3.891460e+12
2.192950e-04 3.924140e+12
2.193422e-04 3.959390e+12
2.193893e-04 3.987580e+12
2.194364e-04 4.014769e+12
2.194836e-04 4.076074e+12
2.195307e-04 4.084151e+12
2.195779e-04 4.021305e+12
2.196250e-04 4.007756e+12
2.196722e-04 3.985989e+12
2.197193e-04 3.921034e+12
2.197665e-04 3.872321e+12
2.198136e-04 3.874493e+12
2.198608e-04 3.891482e+12
2.199080e-04 4.003672e+12
2.199551e-04 3.962348e+12
2.200023e-04 3.992774e+12
2.200495e-04 4.044569e+12
2.200966e-04 4.105962e+12
2.201438e-04 4.156857e+12
2.201910e-04 4.152935e+12
2.202382e-04 4.177400e+12
2.202854e-04 4.202954e+12
2.203325e-04 4.184392e+12
2.203797e-04 4.196812e+12
2.204269e-04 4.185958e+12
2.204741e-04 4.198137e+12
2.205213e-04 4.180869e+12
2.205685e-04 4.166435e+12
2.206157e-04 4.163813e+12
2.206629e-04 4.142730e+12
2.207101e-04 4.111311e+12
2.207573e-04 4.079918e+12
2.208045e-04 4.030973e+12
2.208517e-04 4.000137e+12
2.208990e-04 3.982371e+12
2.209462e-04 3.995937e+12
2.209934e-04 4.034592e+12
2.210406e-04 4.067597e+12
2.210878e-04 4.087608e+12
2.211351e-04 4.101872e+12
2.211823e-04 4.105964e+12
2.212295e-04 4.078693e+12
2.212768e-04 4.060332e+12
2.213240e-04 4.074767e+12
2.213712e-04 4.006066e+12
2.214185e-04 3.991887e+12
2.214657e-04 3.945157e+12
2.215130e-04 3.957150e+12
2.215602e-04 3.970824e+12
2.216075e-04 3.976924e+12
2.216547e-04 3.977805e+12
2.217020e-04 3.989652e+12
2.217492e-04 3.980370e+12
2.217965e-04 3.890072e+12
2.218438e-04 3.892798e+12
2.218910e-04 3.955465e+12
2.219383e-04 3.970254e+12
2.219856e-04 3.991486e+12
2.220328e-04 3.957790e+12
2.220801e-04 3.997382e+12
2.221274e-04 4.035109e+12
2.221747e-04 4.033989e+12
2.222219e-04 4.043518e+12
2.222692e-04 4.038864e+12
2.223165e-04 4.033194e+12
2.223638e-04 4.032722e+12
2.224111e-04 3.997514e+12
2.224584e-04 3.951480e+12
2.225057e-04 3.912513e+12
2.225530e-04 3.914046e+12
2.226002e-04 3.906755e+12
2.226475e-04 3.928413e+12
2.226948e-04 3.933366e+12
2.227422e-04 3.945561e+12
2.227895e-04 3.905775e+12
2.228368e-04 3.913764e+12
2.228841e-04 3.901336e+12
2.229314e-04 3.877594e+12
2.229787e-04 3.870138e+12
2.230260e-04 3.882669e+12
2.230733e-04 3.859346e+12
2.231207e-04 3.838435e+12
2.231680e-04 3.834113e+12
2.232153e-04 3.823433e+12
2.232626e-04 3.823903e+12
2.233100e-04 3.806790e+12
2.233573e-04 3.786328e+12
2.234046e-04 3.875981e+12
2.234520e-04 3.812379e+12
2.234993e-04 3.757339e+12
2.235466e-04 3.773951e+12
2.235940e-04 3.766927e+12
2.236413e-04 3.759695e+12
2.236887e-04 3.745213e+12
2.237360e-04 3.739086e+12
2.237833e-04 3.739820e+12
2.238307e-04 3.731245e+12
2.238780e-04 3.734528e+12
2.239254e-04 3.719595e+12
2.239728e-04 3.704018e+12
2.240201e-04 3.694299e+12
2.240675e-04 3.707369e+12
2.241148e-04 3.755370e+12
2.241622e-04 3.779265e+12
2.242096e-04 3.783962e+12
2.242569e-04 3.780261e+12
2.243043e-04 3.773202e+12
2.243517e-04 3.756107e+12
2.243991e-04 3.755892e+12
2.244464e-04 3.769557e+12
2.244938e-04 3.756549e+12
2.245412e-04 3.744817e+12
2.245886e-04 3.725002e+12
2.246359e-04 3.718096e+12
2.246833e-04 3.702728e+12
2.247307e-04 3.680875e+12
2.247781e-04 3.691287e+12
2.248255e-04 3.685128e+12
2.248729e-04 3.658099e+12
2.249203e-04 3.655541e+12
2.249677e-04 3.659788e+12
2.250151e-04 3.646259e+12
2.250625e-04 3.657458e+12
2.251099e-04 3.685567e+12
2.251573e-04 3.716911e+12
2.252047e-04 3.728438e+12
2.252521e-04 4.013003e+12
2.252995e-04 4.057614e+12
2.253469e-04 3.616218e+12
2.253943e-04 3.631635e+12
2.254417e-04 3.609723e+12
2.254891e-04 3.595853e+12
2.255366e-04 3.605408e+12
2.255840e-04 3.615766e+12
2.256314e-04 3.638307e+12
2.256788e-04 3.655027e+12
2.257262e-04 3.672449e+12
2.257737e-04 3.667505e+12
2.258211e-04 3.679377e+12
2.258685e-04 3.695931e+12
2.259160e-04 3.733510e+12
2.259634e-04 3.748969e+12
2.260108e-04 3.712772e+12
2.260583e-04 3.678749e+12
2.261057e-04 3.645556e+12
2.261531e-04 3.615349e+12
2.262006e-04 3.592260e+12
2.262480e-04 3.603142e+12
2.262954e-04 3.635020e+12
2.263429e-04 3.661788e+12
2.263903e-04 3.688803e+12
2.264378e-04 3.691936e+12
2.264852e-04 3.683672e+12
2.265327e-04 3.682072e+12
2.265801e-04 3.695650e+12
2.266276e-04 3.701138e+12
2.266751e-04 3.708363e+12
2.267225e-04 3.711045e+12
2.267700e-04 3.657830e+12
2.268174e-04 3.636904e+12
2.268649e-04 3.573467e+12
2.269124e-04 3.557633e+12
2.269598e-04 3.548450e+12
2.270073e-04 3.595643e+12
2.270548e-04 3.636509e+12
2.271022e-04 3.671621e+12
2.271497e-04 3.717078e+12
2.271972e-04 3.727775e+12
2.272446e-04 3.740778e+12
2.272921e-04 3.710613e+12
2.273396e-04 3.692750e+12
2.273871e-04 3.671904e+12
2.274345e-04 3.658701e+12
2.274820e-04 3.619817e+12
2.275295e-04 3.584189e+12
2.275770e-04 3.575961e+12
2.276245e-04 3.546467e+12
2.276720e-04 3.556381e+12
2.277195e-04 3.577971e+12
2.277669e-04 3.585230e+12
2.278144e-04 3.611280e+12
2.278619e-04 3.585845e+12
2.279094e-04 3.673394e+12
2.279569e-04 3.694202e+12
2.280044e-04 3.667054e+12
2.280519e-04 3.644138e+12
2.280994e-04 3.709534e+12
2.281469e-04 3.675831e+12
2.281944e-04 3.639244e+12
2.282419e-04 3.616038e+12
2.282894e-04 3.567555e+12
2.283369e-04 3.559613e+12
2.283844e-04 3.577093e+12
2.284319e-04 3.578267e+12
2.284794e-04 3.597244e+12
2.285270e-04 3.588296e+12
2.285745e-04 3.608618e+12
2.286220e-04 3.614470e+12
2.286695e-04 3.619939e+12
2.287170e-04 3.591255e+12
2.287645e-04 3.564254e+12
2.288120e-04 3.509030e+12
2.288596e-04 3.466567e+12
2.289071e-04 3.461607e+12
2.289546e-04 3.548202e+12
2.290021e-04 3.612511e+12
2.290497e-04 3.596444e+12
2.290972e-04 3.602548e+12
2.291447e-04 3.580618e+12
2.291922e-04 3.564504e+12
2.292398e-04 3.547779e+12
2.292873e-04 3.539948e+12
2.293348e-04 3.535836e+12
2.293824e-04 3.569248e+12
2.294299e-04 3.592238e+12
2.294774e-04 3.595864e+12
2.295250e-04 3.620904e+12
2.295725e-04 3.569639e+12
2.296200e-04 3.565545e+12
2.296676e-04 3.545545e+12
2.297151e-04 3.526615e+12
2.297627e-04 3.519281e+12
2.298102e-04 3.530599e+12
2.298577e-04 3.541983e+12
2.299053e-04 3.556022e+12
2.299528e-04 3.567095e+12
2.300004e-04 3.559624e+12
2.300479e-04 3.564942e+12
2.300955e-04 3.585610e+12
2.301430e-04 3.596833e+12
2.301906e-04 3.586627e+12
2.302381e-04 3.589278e+12
2.302857e-04 3.605148e+12
2.303332e-04 3.635961e+12
2.303808e-04 3.643078e+12
2.304284e-04 3.660014e+12
2.304759e-04 3.657332e+12
2.305235e-04 3.667385e+12
2.305710e-04 3.656163e+12
2.306186e-04 3.678959e+12
2.306662e-04 3.702299e+12
2.307137e-04 3.695532e+12
2.307613e-04 3.644347e+12
2.308088e-04 3.573382e+12
2.308564e-04 3.516028e+12
2.309040e-04 3.407789e+12
2.309515e-04 3.291500e+12
2.309991e-04 3.207679e+12
2.310467e-04 3.172632e+12
2.310942e-04 3.194774e+12
2.311418e-04 3.229485e+12
2.311894e-04 3.309900e+12
2.312370e-04 3.387724e+12
2.312845e-04 3.422065e+12
2.313321e-04 3.454453e+12
2.313797e-04 3.466127e+12
2.314273e-04 3.437419e+12
2.314748e-04 3.405892e+12
2.315224e-04 3.384616e+12
2.315700e-04 3.375135e+12
2.316176e-04 3.386362e+12
2.316652e-04 3.430873e+12
2.317127e-04 3.474687e+12
2.317603e-04 3.526557e+12
2.318079e-04 3.559341e+12
2.318555e-04 3.579561e+12
2.319031e-04 3.591892e+12
2.319507e-04 3.593345e+12
2.319982e-04 3.596340e+12
2.320458e-04 3.583016e+12
2.320934e-04 3.560802e+12
2.321410e-04 3.525617e+12
2.321886e-04 3.502638e+12
2.322362e-04 3.509505e+12
2.322838e-04 3.503037e+12
2.323314e-04 3.478854e+12
2.323789e-04 3.439160e+12
2.324265e-04 3.429200e+12
2.324741e-04 3.394905e+12
2.325217e-04 3.387538e+12
2.325693e-04 3.396034e+12
2.326169e-04 3.406543e+12
2.326645e-04 3.406743e+12
2.327121e-04 3.386539e+12
2.327597e-04 3.359570e+12
2.328073e-04 3.344640e+12
2.328549e-04 3.311122e+12
2.329025e-04 3.321026e+12
2.329501e-04 3.316977e+12
2.329977e-04 3.291862e+12
2.330453e-04 3.248737e+12
2.330929e-04 3.191878e+12
2.331405e-04 3.150384e+12
2.331881e-04 3.090037e+12
2.332357e-04 3.021908e+12
2.332833e-04 2.939027e+12
2.333309e-04 2.894970e+12
2.333785e-04 2.857858e+12
2.334261e-04 2.842762e+12
2.334737e-04 2.820744e+12
2.335213e-04 2.825631e+12
2.335690e-04 2.834133e+12
2.336166e-04 2.828563e+12
2.336642e-04 2.729120e+12
2.337118e-04 2.726528e+12
2.337594e-04 2.714719e+12
2.338070e-04 2.675139e+12
2.338546e-04 2.624133e+12
2.339022e-04 2.570758e+12
2.339498e-04 2.520686e+12
2.339974e-04 2.492883e+12
2.340451e-04 2.427432e+12
2.340927e-04 2.366814e+12
2.341403e-04 2.312739e+12
2.341879e-04 2.248736e+12
2.342355e-04 2.174803e+12
2.342831e-04 2.102890e+12
2.343307e-04 2.041499e+12
2.343784e-04 1.953100e+12
2.344260e-04 1.873896e+12
2.344736e-04 1.805718e+12
2.345212e-04 1.752780e+12
2.345688e-04 1.868020e+12
2.346164e-04 1.792674e+12
2.346641e-04 1.706607e+12
2.347117e-04 1.692870e+12
2.347593e-04 1.656097e+12
2.348069e-04 1.617844e+12
2.348545e-04 1.566371e+12
2.349022e-04 1.518812e+12
2.349498e-04 1.470708e+12
2.349974e-04 1.413090e+12
2.350450e-04 1.347374e+12
2.350926e-04 1.283664e+12
2.351403e-04 1.244466e+12
2.351879e-04 1.211709e+12
2.352355e-04 1.180073e+12
2.352831e-04 1.146386e+12
2.353307e-04 1.111226e+12
2.353784e-04 1.080228e+12
2.354260e-04 1.042569e+12
2.354736e-04 9.956955e+11
2.355212e-04 9.682637e+11
2.355689e-04 9.478602e+11
2.356165e-04 9.094870e+11
2.356641e-04 8.636221e+11
2.357117e-04 8.372662e+11
2.357594e-04 8.151441e+11
2.358070e-04 7.924272e+11
2.358546e-04 7.740301e+11
2.359022e-04 7.453302e+11
2.359499e-04 7.144233e+11
2.359975e-04 6.892144e+11
2.360451e-04 6.640258e+11
2.360927e-04 6.462451e+11
2.361404e-04 6.284744e+11
2.361880e-04 6.070775e+11
2.362356e-04 5.831987e+11
2.362833e-04 5.622203e+11
2.363309e-04 5.382736e+11
2.363785e-04 5.444242e+11
2.364261e-04 5.154165e+11
2.364738e-04 4.909128e+11
2.365214e-04 4.866962e+11
2.365690e-04 4.839935e+11
2.366166e-04 4.755672e+11
2.366643e-04 4.724973e+11
2.367119e-04 4.706926e+11
2.367595e-04 4.564455e+11
2.368072e-04 4.435671e+11
2.368548e-04 4.304875e+11
2.369024e-04 4.133962e+11
2.369500e-04 4.070711e+11
2.369977e-04 4.005116e+11
2.370453e-04 3.884534e+11
2.370929e-04 3.785333e+11
2.371406e-04 3.713927e+11
2.371882e-04 3.655992e+11
2.372358e-04 3.656774e+11
2.372834e-04 6.248048e+11
2.373311e-04 4.909749e+11
2.373787e-04 3.469590e+11
2.374263e-04 3.410248e+11
2.374740e-04 3.333724e+11
2.375216e-04 3.294568e+11
2.375692e-04 3.217761e+11
2.376168e-04 3.151860e+11
2.376645e-04 3.095117e+11
2.377121e-04 3.010730e+11
2.377597e-04 2.985051e+11
2.378074e-04 2.935115e+11
2.378550e-04 2.923901e+11
2.379026e-04 2.902679e+11
2.379502e-04 2.832877e+11
2.379979e-04 2.797449e+11
2.380455e-04 2.753524e+11
2.380931e-04 2.711330e+11
2.381408e-04 2.691299e+11
2.381884e-04 2.675933e+11
2.382360e-04 2.618026e+11
2.382836e-04 2.592848e+11
2.383313e-04 2.582449e+11
2.383789e-04 2.512366e+11
2.384265e-04 2.469182e+11
2.384741e-04 2.405088e+11
2.385218e-04 2.367049e+11
2.385694e-04 2.333228e+11
2.386170e-04 2.308582e+11
2.386647e-04 2.341736e+11
2.387123e-04 2.304237e+11
2.387599e-04 2.258530e+11
2.388075e-04 2.249293e+11
2.388552e-04 2.228550e+11
2.389028e-04 2.211209e+11
2.389504e-04 2.162422e+11
2.389980e-04 2.185621e+11
2.390457e-04 2.156050e+11
2.390933e-04 2.118035e+11
2.391409e-04 2.102570e+11
2.391885e-04 2.082523e+11
2.392361e-04 2.056851e+11
2.392838e-04 2.027602e+11
2.393314e-04 2.003358e+11
2.393790e-04 1.998441e+11
2.394266e-04 1.986044e+11
2.394743e-04 1.980080e+11
2.395219e-04 1.982663e+11
2.395695e-04 1.988833e+11
2.396171e-04 2.014967e+11
