1.400000e-04 4.503422e+10
1.399000e-04 -2.175423e+10
1.398000e-04 6.950990e+10
1.397000e-04 2.209421e+10
1.396000e-04 3.718739e+10
1.395000e-04 2.577945e+10
1.394000e-04 3.465774e+10
1.393000e-04 1.072795e+11
1.392000e-04 1.376078e+11
1.391000e-04 1.391265e+11
1.390000e-04 2.628036e+10
1.389000e-04 1.705040e+11
1.388000e-04 1.225986e+11
1.387000e-04 1.864518e+11
1.386000e-04 1.220768e+11
1.385000e-04 2.140589e+11
1.384000e-04 6.540301e+10
1.383000e-04 2.512497e+11
1.382000e-04 2.371528e+10
1.381000e-04 1.286701e+11
1.380000e-04 1.466751e+11
1.379000e-04 1.362503e+11
1.378000e-04 1.519514e+11
1.377000e-04 2.843665e+11
1.376000e-04 2.083584e+11
1.375000e-04 2.368174e+11
1.374000e-04 3.514032e+11
1.373000e-04 2.295312e+11
1.372000e-04 4.169951e+11
1.371000e-04 4.398158e+11
1.370000e-04 3.512499e+11
1.369000e-04 3.388146e+11
1.368000e-04 5.554180e+11
1.367000e-04 5.161130e+11
1.366000e-04 6.487331e+11
1.365000e-04 6.639288e+11
1.364000e-04 6.410609e+11
1.363000e-04 8.407565e+11
1.362000e-04 1.056063e+12
1.361000e-04 1.154219e+12
1.360000e-04 1.403658e+12
1.359000e-04 1.475651e+12
1.358000e-04 1.799807e+12
1.357000e-04 1.941054e+12
1.356000e-04 2.380684e+12
1.355000e-04 2.638057e+12
1.354000e-04 3.270301e+12
1.353000e-04 3.899459e+12
1.352000e-04 4.606575e+12
1.351000e-04 5.428358e+12
1.350000e-04 6.668408e+12
1.349000e-04 7.864648e+12
1.348000e-04 9.500414e+12
1.347000e-04 1.161430e+13
1.346000e-04 1.420310e+13
1.345000e-04 1.697561e+13
1.344000e-04 2.104181e+13
1.343000e-04 2.621271e+13
1.342000e-04 3.194797e+13
1.341000e-04 3.956233e+13
1.340000e-04 4.898922e+13
1.339000e-04 6.023172e+13
1.338000e-04 7.435848e+13
1.337000e-04 9.201253e+13
1.336000e-04 1.123630e+14
1.335000e-04 1.351479e+14
1.334000e-04 1.615230e+14
1.333000e-04 1.886702e+14
1.332000e-04 2.157774e+14
1.331000e-04 2.428598e+14
1.330000e-04 2.662304e+14
1.329000e-04 2.842957e+14
1.328000e-04 2.977989e+14
1.327000e-04 3.068581e+14
1.326000e-04 3.116262e+14
1.325000e-04 3.138269e+14
1.324000e-04 3.139415e+14
1.323000e-04 3.130373e+14
1.322000e-04 3.118190e+14
1.321000e-04 3.105602e+14
1.320000e-04 3.098302e+14
1.319000e-04 3.093712e+14
1.318000e-04 3.094036e+14
1.317000e-04 3.103222e+14
1.316000e-04 3.117537e+14
1.315000e-04 3.136717e+14
1.314000e-04 3.159580e+14
1.313000e-04 3.182188e+14
1.312000e-04 3.204606e+14
1.311000e-04 3.223971e+14
1.310000e-04 3.239317e+14
1.309000e-04 3.250420e+14
1.308000e-04 3.256504e+14
1.307000e-04 3.260926e+14
1.306000e-04 3.264444e+14
1.305000e-04 3.263516e+14
1.304000e-04 3.259991e+14
1.303000e-04 3.254362e+14
1.302000e-04 3.252597e+14
1.301000e-04 3.252009e+14
1.300000e-04 3.253891e+14
1.299000e-04 3.262577e+14
1.298000e-04 3.273584e+14
1.297000e-04 3.286919e+14
1.296000e-04 3.300800e+14
1.295000e-04 3.315053e+14
1.294000e-04 3.324867e+14
1.293000e-04 3.336612e+14
1.292000e-04 3.343576e+14
1.291000e-04 3.342180e+14
1.290000e-04 3.332255e+14
1.289000e-04 3.312743e+14
1.288000e-04 3.285653e+14
1.287000e-04 3.251003e+14
1.286000e-04 3.214185e+14
1.285000e-04 3.176318e+14
1.284000e-04 3.136129e+14
1.283000e-04 3.099508e+14
1.282000e-04 3.066764e+14
1.281000e-04 3.044241e+14
1.280000e-04 3.034241e+14
1.279000e-04 3.039726e+14
1.278000e-04 3.055521e+14
1.277000e-04 3.083189e+14
1.276000e-04 3.118048e+14
1.275000e-04 3.162769e+14
1.274000e-04 3.209867e+14
1.273000e-04 3.258831e+14
1.272000e-04 3.308577e+14
1.271000e-04 3.358081e+14
1.270000e-04 3.402823e+14
1.269000e-04 3.443120e+14
1.268000e-04 3.474474e+14
1.267000e-04 3.498268e+14
1.266000e-04 3.518353e+14
1.265000e-04 3.535071e+14
1.264000e-04 3.551227e+14
1.263000e-04 3.561106e+14
1.262000e-04 3.569270e+14
1.261000e-04 3.577457e+14
1.260000e-04 3.584246e+14
1.259000e-04 3.591544e+14
1.258000e-04 3.602859e+14
1.257000e-04 3.613831e+14
1.256000e-04 3.624761e+14
1.255000e-04 3.639651e+14
1.254000e-04 3.652735e+14
1.253000e-04 3.665857e+14
1.252000e-04 3.679568e+14
1.251000e-04 3.698229e+14
1.250000e-04 3.715961e+14
1.249000e-04 3.734712e+14
1.248000e-04 3.748693e+14
1.247000e-04 3.764223e+14
1.246000e-04 3.780371e+14
1.245000e-04 3.795242e+14
1.244000e-04 3.808093e+14
1.243000e-04 3.820053e+14
1.242000e-04 3.827416e+14
1.241000e-04 3.834465e+14
1.240000e-04 3.840451e+14
1.239000e-04 3.844860e+14
1.238000e-04 3.843314e+14
1.237000e-04 3.842657e+14
1.236000e-04 3.837160e+14
1.235000e-04 3.834525e+14
1.234000e-04 3.831284e+14
1.233000e-04 3.824821e+14
1.232000e-04 3.817941e+14
1.231000e-04 3.812558e+14
1.230000e-04 3.809854e+14
1.229000e-04 3.812909e+14
1.228000e-04 3.813175e+14
1.227000e-04 3.818754e+14
1.226000e-04 3.827827e+14
1.225000e-04 3.840594e+14
1.224000e-04 3.854649e+14
1.223000e-04 3.871969e+14
1.222000e-04 3.889173e+14
1.221000e-04 3.908749e+14
1.220000e-04 3.931137e+14
1.219000e-04 3.947934e+14
1.218000e-04 3.966041e+14
1.217000e-04 3.981602e+14
1.216000e-04 3.996969e+14
1.215000e-04 4.010477e+14
1.214000e-04 4.019786e+14
1.213000e-04 4.028899e+14
1.212000e-04 4.035244e+14
1.211000e-04 4.039161e+14
1.210000e-04 4.041965e+14
1.209000e-04 4.046022e+14
1.208000e-04 4.050473e+14
1.207000e-04 4.056064e+14
1.206000e-04 4.060115e+14
1.205000e-04 4.068586e+14
1.204000e-04 4.079723e+14
1.203000e-04 4.086572e+14
1.202000e-04 4.095666e+14
1.201000e-04 4.101162e+14
1.200000e-04 4.104838e+14
1.199000e-04 4.106782e+14
1.198000e-04 4.100982e+14
1.197000e-04 4.088539e+14
1.196000e-04 4.072360e+14
1.195000e-04 4.049062e+14
1.194000e-04 4.027373e+14
1.193000e-04 4.002018e+14
1.192000e-04 3.975986e+14
1.191000e-04 3.954016e+14
1.190000e-04 3.938381e+14
1.189000e-04 3.926133e+14
1.188000e-04 3.926295e+14
1.187000e-04 3.932847e+14
1.186000e-04 3.946446e+14
1.185000e-04 3.966678e+14
1.184000e-04 3.991970e+14
1.183000e-04 4.019517e+14
1.182000e-04 4.041136e+14
1.181000e-04 4.056334e+14
1.180000e-04 4.069072e+14
1.179000e-04 4.070620e+14
1.178000e-04 4.066150e+14
1.177000e-04 4.057351e+14
1.176000e-04 4.045407e+14
1.175000e-04 4.028730e+14
1.174000e-04 4.003651e+14
1.173000e-04 3.961337e+14
1.172000e-04 3.867297e+14
1.171000e-04 3.692650e+14
1.170000e-04 3.407642e+14
1.169000e-04 3.013253e+14
1.168000e-04 2.519364e+14
1.167000e-04 2.020366e+14
1.166000e-04 1.553116e+14
1.165000e-04 1.144922e+14
1.164000e-04 8.458166e+13
1.163000e-04 6.238246e+13
1.162000e-04 4.662246e+13
1.161000e-04 3.499522e+13
1.160000e-04 2.693667e+13
1.159000e-04 2.066027e+13
1.158000e-04 1.624453e+13
1.157000e-04 1.324677e+13
1.156000e-04 1.061043e+13
1.155000e-04 9.034116e+12
1.154000e-04 7.622338e+12
1.153000e-04 6.490984e+12
1.152000e-04 5.617218e+12
1.151000e-04 5.027288e+12
1.150000e-04 4.478142e+12
1.149000e-04 4.005410e+12
1.148000e-04 3.643836e+12
1.147000e-04 3.012063e+12
1.146000e-04 2.742277e+12
1.145000e-04 2.336862e+12
1.144000e-04 1.967069e+12
1.143000e-04 1.672630e+12
1.142000e-04 1.237117e+12
1.141000e-04 1.180101e+12
1.140000e-04 8.328017e+11
1.139000e-04 7.611711e+11
1.138000e-04 6.294150e+11
1.137000e-04 3.417747e+11
1.136000e-04 3.138100e+11
1.135000e-04 1.954118e+11
1.134000e-04 1.144526e+11
1.133000e-04 2.757622e+11
1.132000e-04 3.586313e+11
1.131000e-04 6.295124e+10
1.130000e-04 -8.918126e+09
1.129000e-04 2.191713e+11
1.128000e-04 2.253889e+11
1.127000e-04 9.486438e+10
1.126000e-04 1.965476e+10
1.125000e-04 -3.115587e+09
1.124000e-04 7.997434e+10
1.123000e-04 -1.605264e+10
1.122000e-04 1.980093e+10
1.121000e-04 -1.741451e+09
1.120000e-04 -5.230915e+10
1.119000e-04 1.044307e+11
1.118000e-04 1.908695e+11
1.117000e-04 -6.882215e+10
1.116000e-04 -1.695452e+11
1.115000e-04 6.500567e+10
1.114000e-04 -8.636469e+10
1.113000e-04 -9.593757e+10
1.112000e-04 -8.787422e+10
1.111000e-04 -1.102059e+11
1.110000e-04 -2.303820e+11
1.109000e-04 -1.803587e+11
1.108000e-04 1.357256e+11
1.107000e-04 -1.503204e+11
1.106000e-04 -1.030104e+11
1.105000e-04 6.025072e+09
1.104000e-04 -4.371126e+10
1.103000e-04 1.955269e+11
1.102000e-04 -6.489704e+10
1.101000e-04 -5.109448e+10
1.100000e-04 -1.106192e+10
