1.810000e-04 2.668680e+12
1.809000e-04 2.946377e+12
1.808000e-04 3.295990e+12
1.807000e-04 3.770167e+12
1.806000e-04 4.371363e+12
1.805000e-04 4.979883e+12
1.804000e-04 5.653293e+12
1.803000e-04 6.467448e+12
1.802000e-04 7.287278e+12
1.801000e-04 8.132151e+12
1.800000e-04 9.147186e+12
1.799000e-04 1.055371e+13
1.798000e-04 1.201104e+13
1.797000e-04 1.364397e+13
1.796000e-04 1.558126e+13
1.795000e-04 1.755866e+13
1.794000e-04 1.979049e+13
1.793000e-04 2.233012e+13
1.792000e-04 2.540814e+13
1.791000e-04 2.879706e+13
1.790000e-04 3.274100e+13
1.789000e-04 3.682990e+13
1.788000e-04 4.133214e+13
1.787000e-04 4.633938e+13
1.786000e-04 5.206865e+13
1.785000e-04 5.857069e+13
1.784000e-04 6.594387e+13
1.783000e-04 7.381353e+13
1.782000e-04 8.098943e+13
1.781000e-04 8.862645e+13
1.780000e-04 9.591273e+13
1.779000e-04 1.043890e+14
1.778000e-04 1.136984e+14
1.777000e-04 1.225983e+14
1.776000e-04 1.297574e+14
1.775000e-04 1.347241e+14
1.774000e-04 1.386979e+14
1.773000e-04 1.424938e+14
1.772000e-04 1.466213e+14
1.771000e-04 1.510560e+14
1.770000e-04 1.545713e+14
1.769000e-04 1.567137e+14
1.768000e-04 1.573740e+14
1.767000e-04 1.570333e+14
1.766000e-04 1.561369e+14
1.765000e-04 1.551272e+14
1.764000e-04 1.544711e+14
1.763000e-04 1.543261e+14
1.762000e-04 1.545062e+14
1.761000e-04 1.549923e+14
1.760000e-04 1.554329e+14
1.759000e-04 1.558211e+14
1.758000e-04 1.560531e+14
1.757000e-04 1.561873e+14
1.756000e-04 1.562907e+14
1.755000e-04 1.562557e+14
1.754000e-04 1.555829e+14
1.753000e-04 1.547684e+14
1.752000e-04 1.543479e+14
1.751000e-04 1.553067e+14
1.750000e-04 1.578675e+14
1.749000e-04 1.613550e+14
1.748000e-04 1.643928e+14
1.747000e-04 1.651459e+14
1.746000e-04 1.635523e+14
1.745000e-04 1.611890e+14
1.744000e-04 1.597204e+14
1.743000e-04 1.599058e+14
1.742000e-04 1.605453e+14
1.741000e-04 1.614693e+14
1.740000e-04 1.563085e+14
1.739000e-04 1.481023e+14
1.738000e-04 1.394950e+14
1.737000e-04 1.339415e+14
1.736000e-04 1.332986e+14
1.735000e-04 1.370442e+14
1.734000e-04 1.433489e+14
1.733000e-04 1.495679e+14
1.732000e-04 1.542084e+14
1.731000e-04 1.569753e+14
1.730000e-04 1.582547e+14
1.729000e-04 1.589246e+14
1.728000e-04 1.589397e+14
1.727000e-04 1.587073e+14
1.726000e-04 1.606191e+14
1.725000e-04 1.628933e+14
1.724000e-04 1.644483e+14
1.723000e-04 1.643369e+14
1.722000e-04 1.631662e+14
1.721000e-04 1.619906e+14
1.720000e-04 1.619082e+14
1.719000e-04 1.626978e+14
1.718000e-04 1.636182e+14
1.717000e-04 1.641633e+14
1.716000e-04 1.646458e+14
1.715000e-04 1.657720e+14
1.714000e-04 1.681892e+14
1.713000e-04 1.707969e+14
1.712000e-04 1.721431e+14
1.711000e-04 1.713724e+14
1.710000e-04 1.693612e+14
1.709000e-04 1.678481e+14
1.708000e-04 1.682030e+14
1.707000e-04 1.695397e+14
1.706000e-04 1.706766e+14
1.705000e-04 1.706820e+14
1.704000e-04 1.702109e+14
1.703000e-04 1.706818e+14
1.702000e-04 1.728603e+14
1.701000e-04 1.755177e+14
1.700000e-04 1.770926e+14
1.699000e-04 1.767095e+14
1.698000e-04 1.752268e+14
1.697000e-04 1.744562e+14
1.696000e-04 1.751983e+14
1.695000e-04 1.764593e+14
1.694000e-04 1.767948e+14
1.693000e-04 1.759980e+14
1.692000e-04 1.748911e+14
1.691000e-04 1.748371e+14
1.690000e-04 1.760207e+14
1.689000e-04 1.769276e+14
1.688000e-04 1.763691e+14
1.687000e-04 1.743890e+14
1.686000e-04 1.721991e+14
1.685000e-04 1.694722e+14
1.684000e-04 1.659544e+14
1.683000e-04 1.603543e+14
1.682000e-04 1.531105e+14
1.681000e-04 1.474129e+14
1.680000e-04 1.467870e+14
1.679000e-04 1.520777e+14
1.678000e-04 1.612718e+14
1.677000e-04 1.698149e+14
1.676000e-04 1.744489e+14
1.675000e-04 1.757292e+14
1.674000e-04 1.755055e+14
1.673000e-04 1.755271e+14
1.672000e-04 1.764120e+14
1.671000e-04 1.770745e+14
1.670000e-04 1.770270e+14
1.669000e-04 1.769156e+14
1.668000e-04 1.774546e+14
1.667000e-04 1.780760e+14
1.666000e-04 1.786887e+14
1.665000e-04 1.793724e+14
1.664000e-04 1.803521e+14
1.663000e-04 1.821617e+14
1.662000e-04 1.839962e+14
1.661000e-04 1.842207e+14
1.660000e-04 1.822327e+14
1.659000e-04 1.792520e+14
1.658000e-04 1.778533e+14
1.657000e-04 1.791258e+14
1.656000e-04 1.825111e+14
1.655000e-04 1.859644e+14
1.654000e-04 1.880022e+14
1.653000e-04 1.888827e+14
1.652000e-04 1.899345e+14
1.651000e-04 1.910591e+14
1.650000e-04 1.906315e+14
1.649000e-04 1.878166e+14
1.648000e-04 1.841694e+14
1.647000e-04 1.820132e+14
1.646000e-04 1.826012e+14
1.645000e-04 1.843559e+14
1.644000e-04 1.824215e+14
1.643000e-04 1.744272e+14
1.642000e-04 1.641451e+14
1.641000e-04 1.577837e+14
1.640000e-04 1.591185e+14
1.639000e-04 1.672342e+14
1.638000e-04 1.777384e+14
1.637000e-04 1.854789e+14
1.636000e-04 1.885889e+14
1.635000e-04 1.890577e+14
1.634000e-04 1.885938e+14
1.633000e-04 1.906999e+14
1.632000e-04 1.931370e+14
1.631000e-04 1.941127e+14
1.630000e-04 1.933435e+14
1.629000e-04 1.918947e+14
1.628000e-04 1.912625e+14
1.627000e-04 1.920239e+14
1.626000e-04 1.931683e+14
1.625000e-04 1.934819e+14
1.624000e-04 1.927128e+14
1.623000e-04 1.921951e+14
1.622000e-04 1.927104e+14
1.621000e-04 1.941825e+14
1.620000e-04 1.962776e+14
1.619000e-04 1.976651e+14
1.618000e-04 1.973660e+14
1.617000e-04 1.958080e+14
1.616000e-04 1.940884e+14
1.615000e-04 1.923521e+14
1.614000e-04 1.890101e+14
1.613000e-04 1.836148e+14
1.612000e-04 1.755152e+14
1.611000e-04 1.680711e+14
1.610000e-04 1.672181e+14
1.609000e-04 1.748066e+14
1.608000e-04 1.865328e+14
1.607000e-04 1.961362e+14
1.606000e-04 2.004626e+14
1.605000e-04 2.020018e+14
1.604000e-04 2.026466e+14
1.603000e-04 2.035179e+14
1.602000e-04 2.039673e+14
1.601000e-04 2.030428e+14
1.600000e-04 2.013837e+14
1.599000e-04 2.010522e+14
1.598000e-04 2.035671e+14
1.597000e-04 2.081272e+14
1.596000e-04 2.117518e+14
1.595000e-04 2.109904e+14
1.594000e-04 2.053627e+14
1.593000e-04 1.986540e+14
1.592000e-04 1.950762e+14
1.591000e-04 1.948485e+14
1.590000e-04 1.923005e+14
1.589000e-04 1.866526e+14
1.588000e-04 1.807237e+14
1.587000e-04 1.789701e+14
1.586000e-04 1.831435e+14
1.585000e-04 1.907848e+14
1.584000e-04 2.004069e+14
1.583000e-04 2.070820e+14
1.582000e-04 2.069466e+14
1.581000e-04 2.027197e+14
1.580000e-04 1.990875e+14
1.579000e-04 1.983855e+14
1.578000e-04 1.988642e+14
1.577000e-04 1.999845e+14
1.576000e-04 2.018726e+14
1.575000e-04 2.030174e+14
1.574000e-04 2.006210e+14
1.573000e-04 1.927159e+14
1.572000e-04 1.814666e+14
1.571000e-04 1.732766e+14
1.570000e-04 1.728747e+14
1.569000e-04 1.789174e+14
1.568000e-04 1.859037e+14
1.567000e-04 1.892729e+14
1.566000e-04 1.913318e+14
1.565000e-04 1.945256e+14
1.564000e-04 1.988940e+14
1.563000e-04 2.020436e+14
1.562000e-04 2.027139e+14
1.561000e-04 2.021827e+14
1.560000e-04 2.013310e+14
1.559000e-04 1.989278e+14
1.558000e-04 1.939499e+14
1.557000e-04 1.881615e+14
1.556000e-04 1.853982e+14
1.555000e-04 1.880639e+14
1.554000e-04 1.949180e+14
1.553000e-04 2.018639e+14
1.552000e-04 2.059223e+14
1.551000e-04 2.073712e+14
1.550000e-04 2.082871e+14
1.549000e-04 2.088124e+14
1.548000e-04 2.078155e+14
1.547000e-04 2.058252e+14
1.546000e-04 2.037141e+14
1.545000e-04 2.024146e+14
1.544000e-04 2.010299e+14
1.543000e-04 2.001560e+14
1.542000e-04 2.023574e+14
1.541000e-04 2.090088e+14
1.540000e-04 2.173359e+14
1.539000e-04 2.214906e+14
1.538000e-04 2.178496e+14
1.537000e-04 2.115984e+14
1.536000e-04 2.087739e+14
1.535000e-04 2.098005e+14
1.534000e-04 2.108808e+14
1.533000e-04 2.096671e+14
1.532000e-04 2.095399e+14
1.531000e-04 2.139898e+14
1.530000e-04 2.204204e+14
1.529000e-04 2.219177e+14
1.528000e-04 2.160243e+14
1.527000e-04 2.089098e+14
1.526000e-04 2.071884e+14
1.525000e-04 2.108580e+14
1.524000e-04 2.135115e+14
1.523000e-04 2.116534e+14
1.522000e-04 2.080607e+14
1.521000e-04 2.068876e+14
1.520000e-04 2.082869e+14
1.519000e-04 2.095466e+14
1.518000e-04 2.095477e+14
1.517000e-04 2.102109e+14
1.516000e-04 2.124606e+14
1.515000e-04 2.144382e+14
1.514000e-04 2.137985e+14
1.513000e-04 2.121404e+14
1.512000e-04 2.125918e+14
1.511000e-04 2.150502e+14
1.510000e-04 2.165276e+14
1.509000e-04 2.150821e+14
1.508000e-04 2.130519e+14
1.507000e-04 2.135632e+14
1.506000e-04 2.180356e+14
1.505000e-04 2.130047e+14
1.504000e-04 2.063345e+14
1.503000e-04 2.081503e+14
1.502000e-04 2.188400e+14
1.501000e-04 2.275829e+14
1.500000e-04 2.239402e+14
1.499000e-04 2.246874e+14
1.498000e-04 2.264546e+14
1.497000e-04 2.213031e+14
1.496000e-04 2.070598e+14
1.495000e-04 1.892437e+14
1.494000e-04 1.731281e+14
1.493000e-04 1.546185e+14
1.492000e-04 1.333321e+14
1.491000e-04 1.134312e+14
1.490000e-04 9.755378e+13
1.489000e-04 8.517954e+13
1.488000e-04 7.329396e+13
1.487000e-04 6.043387e+13
1.486000e-04 4.912886e+13
1.485000e-04 4.172036e+13
1.484000e-04 3.659211e+13
1.483000e-04 3.154499e+13
1.482000e-04 2.658809e+13
1.481000e-04 2.241762e+13
1.480000e-04 1.965652e+13
1.479000e-04 1.752989e+13
1.478000e-04 1.545775e+13
1.477000e-04 1.319021e+13
1.476000e-04 1.099048e+13
1.475000e-04 9.290354e+12
1.474000e-04 8.087906e+12
1.473000e-04 6.875680e+12
1.472000e-04 5.891789e+12
1.471000e-04 4.790761e+12
1.470000e-04 3.902859e+12
1.469000e-04 3.083784e+12
1.468000e-04 2.522487e+12
1.467000e-04 2.111391e+12
1.466000e-04 1.685541e+12
1.465000e-04 1.382600e+12
1.464000e-04 1.121391e+12
1.463000e-04 8.645154e+11
1.462000e-04 8.014805e+11
1.461000e-04 5.531201e+11
1.460000e-04 4.457890e+11
