1.400000e-04 8.358321e-06
1.399000e-04 -4.040457e-06
1.398000e-04 1.291945e-05
1.397000e-04 4.109476e-06
1.396000e-04 6.921731e-06
1.395000e-04 4.801798e-06
1.394000e-04 6.460140e-06
1.393000e-04 2.001106e-05
1.392000e-04 2.568670e-05
1.391000e-04 2.598886e-05
1.390000e-04 4.912709e-06
1.389000e-04 3.189605e-05
1.388000e-04 2.295094e-05
1.387000e-04 3.492967e-05
1.386000e-04 2.288623e-05
1.385000e-04 4.015947e-05
1.384000e-04 1.227909e-05
1.383000e-04 4.720498e-05
1.382000e-04 4.458869e-06
1.381000e-04 2.420965e-05
1.380000e-04 2.761734e-05
1.379000e-04 2.567305e-05
1.378000e-04 2.865232e-05
1.377000e-04 5.365979e-05
1.376000e-04 3.934568e-05
1.375000e-04 4.475230e-05
1.374000e-04 6.645435e-05
1.373000e-04 4.343858e-05
1.372000e-04 7.897348e-05
1.371000e-04 8.335619e-05
1.370000e-04 6.661931e-05
1.369000e-04 6.430773e-05
1.368000e-04 1.054966e-04
1.367000e-04 9.810265e-05
1.366000e-04 1.234013e-04
1.365000e-04 1.263844e-04
1.364000e-04 1.221207e-04
1.363000e-04 1.602798e-04
1.362000e-04 2.014731e-04
1.361000e-04 2.203609e-04
1.360000e-04 2.681803e-04
1.359000e-04 2.821426e-04
1.358000e-04 3.443742e-04
1.357000e-04 3.716741e-04
1.356000e-04 4.561908e-04
1.355000e-04 5.058822e-04
1.354000e-04 6.275863e-04
1.353000e-04 7.488779e-04
1.352000e-04 8.853316e-04
1.351000e-04 1.044041e-03
1.350000e-04 1.283491e-03
1.349000e-04 1.514857e-03
1.348000e-04 1.831290e-03
1.347000e-04 2.240421e-03
1.346000e-04 2.741843e-03
1.345000e-04 3.279500e-03
1.344000e-04 4.068069e-03
1.343000e-04 5.071545e-03
1.342000e-04 6.185790e-03
1.341000e-04 7.665801e-03
1.340000e-04 9.499487e-03
1.339000e-04 1.168824e-02
1.338000e-04 1.444039e-02
1.337000e-04 1.788216e-02
1.336000e-04 2.185351e-02
1.335000e-04 2.630465e-02
1.334000e-04 3.146177e-02
1.333000e-04 3.677712e-02
1.332000e-04 4.209263e-02
1.331000e-04 4.741131e-02
1.330000e-04 5.201283e-02
1.329000e-04 5.558400e-02
1.328000e-04 5.826791e-02
1.327000e-04 6.008569e-02
1.326000e-04 6.106536e-02
1.325000e-04 6.154301e-02
1.324000e-04 6.161198e-02
1.323000e-04 6.148097e-02
1.322000e-04 6.128802e-02
1.321000e-04 6.108681e-02
1.320000e-04 6.098939e-02
1.319000e-04 6.094520e-02
1.318000e-04 6.099783e-02
1.317000e-04 6.122539e-02
1.316000e-04 6.155456e-02
1.315000e-04 6.198035e-02
1.314000e-04 6.247962e-02
1.313000e-04 6.297462e-02
1.312000e-04 6.346661e-02
1.311000e-04 6.389883e-02
1.310000e-04 6.425199e-02
1.309000e-04 6.452148e-02
1.308000e-04 6.469167e-02
1.307000e-04 6.482906e-02
1.306000e-04 6.494870e-02
1.305000e-04 6.497999e-02
1.304000e-04 6.495958e-02
1.303000e-04 6.489718e-02
1.302000e-04 6.491180e-02
1.301000e-04 6.494997e-02
1.300000e-04 6.503754e-02
1.299000e-04 6.526134e-02
1.298000e-04 6.553196e-02
1.297000e-04 6.584965e-02
1.296000e-04 6.617877e-02
1.295000e-04 6.651586e-02
1.294000e-04 6.676433e-02
1.293000e-04 6.705199e-02
1.292000e-04 6.724395e-02
1.291000e-04 6.726793e-02
1.290000e-04 6.712015e-02
1.289000e-04 6.677891e-02
1.288000e-04 6.628425e-02
1.287000e-04 6.563618e-02
1.286000e-04 6.494331e-02
1.285000e-04 6.422812e-02
1.284000e-04 6.346486e-02
1.283000e-04 6.277267e-02
1.282000e-04 6.215797e-02
1.281000e-04 6.174963e-02
1.280000e-04 6.159487e-02
1.279000e-04 6.175445e-02
1.278000e-04 6.212392e-02
1.277000e-04 6.273556e-02
1.276000e-04 6.349456e-02
1.275000e-04 6.445576e-02
1.274000e-04 6.546693e-02
1.273000e-04 6.651780e-02
1.272000e-04 6.758629e-02
1.271000e-04 6.865150e-02
1.270000e-04 6.962097e-02
1.269000e-04 7.050095e-02
1.268000e-04 7.119907e-02
1.267000e-04 7.174322e-02
1.266000e-04 7.221214e-02
1.265000e-04 7.261261e-02
1.264000e-04 7.300217e-02
1.263000e-04 7.326321e-02
1.262000e-04 7.348937e-02
1.261000e-04 7.371635e-02
1.260000e-04 7.391486e-02
1.259000e-04 7.412419e-02
1.258000e-04 7.441682e-02
1.257000e-04 7.470282e-02
1.256000e-04 7.498843e-02
1.255000e-04 7.535645e-02
1.254000e-04 7.568766e-02
1.253000e-04 7.602019e-02
1.252000e-04 7.636546e-02
1.251000e-04 7.681410e-02
1.250000e-04 7.724415e-02
1.249000e-04 7.769608e-02
1.248000e-04 7.804944e-02
1.247000e-04 7.843561e-02
1.246000e-04 7.883531e-02
1.245000e-04 7.920901e-02
1.244000e-04 7.954111e-02
1.243000e-04 7.985510e-02
1.242000e-04 8.007345e-02
1.241000e-04 8.028557e-02
1.240000e-04 8.047575e-02
1.239000e-04 8.063316e-02
1.238000e-04 8.066584e-02
1.237000e-04 8.071726e-02
1.236000e-04 8.066700e-02
1.235000e-04 8.067689e-02
1.234000e-04 8.067401e-02
1.233000e-04 8.060324e-02
1.232000e-04 8.052356e-02
1.231000e-04 8.047534e-02
1.230000e-04 8.048364e-02
1.229000e-04 8.061373e-02
1.228000e-04 8.068500e-02
1.227000e-04 8.086891e-02
1.226000e-04 8.112717e-02
1.225000e-04 8.146419e-02
1.224000e-04 8.182912e-02
1.223000e-04 8.226400e-02
1.222000e-04 8.269714e-02
1.221000e-04 8.318146e-02
1.220000e-04 8.372646e-02
1.219000e-04 8.415320e-02
1.218000e-04 8.460857e-02
1.217000e-04 8.501032e-02
1.216000e-04 8.540861e-02
1.215000e-04 8.576779e-02
1.214000e-04 8.603767e-02
1.213000e-04 8.630382e-02
1.212000e-04 8.651106e-02
1.211000e-04 8.666653e-02
1.210000e-04 8.679839e-02
1.209000e-04 8.695738e-02
1.208000e-04 8.712510e-02
1.207000e-04 8.731764e-02
1.206000e-04 8.747733e-02
1.205000e-04 8.773259e-02
1.204000e-04 8.804580e-02
1.203000e-04 8.826692e-02
1.202000e-04 8.853695e-02
1.201000e-04 8.872957e-02
1.200000e-04 8.888310e-02
1.199000e-04 8.899937e-02
1.198000e-04 8.894786e-02
1.197000e-04 8.875207e-02
1.196000e-04 8.847478e-02
1.195000e-04 8.804222e-02
1.194000e-04 8.764396e-02
1.193000e-04 8.716519e-02
1.192000e-04 8.667084e-02
1.191000e-04 8.626430e-02
1.190000e-04 8.599540e-02
1.189000e-04 8.580007e-02
1.188000e-04 8.587583e-02
1.187000e-04 8.609160e-02
1.186000e-04 8.646212e-02
1.185000e-04 8.697872e-02
1.184000e-04 8.760724e-02
1.183000e-04 8.828636e-02
1.182000e-04 8.883630e-02
1.181000e-04 8.924589e-02
1.180000e-04 8.960202e-02
1.179000e-04 8.971215e-02
1.178000e-04 8.968970e-02
1.177000e-04 8.957165e-02
1.176000e-04 8.938392e-02
1.175000e-04 8.909119e-02
1.174000e-04 8.861200e-02
1.173000e-04 8.775021e-02
1.172000e-04 8.574019e-02
1.171000e-04 8.193807e-02
1.170000e-04 7.567851e-02
1.169000e-04 6.697697e-02
1.168000e-04 5.604703e-02
1.167000e-04 4.498457e-02
1.166000e-04 3.461066e-02
1.165000e-04 2.553608e-02
1.164000e-04 1.888112e-02
1.163000e-04 1.393758e-02
1.162000e-04 1.042542e-02
1.161000e-04 7.832148e-03
1.160000e-04 6.033793e-03
1.159000e-04 4.631877e-03
1.158000e-04 3.645046e-03
1.157000e-04 2.974961e-03
1.156000e-04 2.384952e-03
1.155000e-04 2.032395e-03
1.154000e-04 1.716275e-03
1.153000e-04 1.462803e-03
1.152000e-04 1.266990e-03
1.151000e-04 1.134914e-03
1.150000e-04 1.011823e-03
1.149000e-04 9.057980e-04
1.148000e-04 8.247483e-04
1.147000e-04 6.823467e-04
1.146000e-04 6.217719e-04
1.145000e-04 5.303128e-04
1.144000e-04 4.467845e-04
1.143000e-04 3.802402e-04
1.142000e-04 2.814810e-04
1.141000e-04 2.687436e-04
1.140000e-04 1.898197e-04
1.139000e-04 1.736453e-04
1.138000e-04 1.437141e-04
1.137000e-04 7.810590e-05
1.136000e-04 7.177825e-05
1.135000e-04 4.473624e-05
1.134000e-04 2.622509e-05
1.133000e-04 6.324253e-05
1.132000e-04 8.232016e-05
1.131000e-04 1.446259e-05
1.130000e-04 -2.050688e-06
1.129000e-04 5.044221e-05
1.128000e-04 5.191919e-05
1.127000e-04 2.187176e-05
1.126000e-04 4.535591e-06
1.125000e-04 -7.196012e-07
1.124000e-04 1.848795e-05
1.123000e-04 -3.714249e-06
1.122000e-04 4.585612e-06
1.121000e-04 -4.036548e-07
1.120000e-04 -1.213568e-05
1.119000e-04 2.424949e-05
1.118000e-04 4.436079e-05
1.117000e-04 -1.600956e-05
1.116000e-04 -3.947532e-05
1.115000e-04 1.514889e-05
1.114000e-04 -2.014445e-05
1.113000e-04 -2.239742e-05
1.112000e-04 -2.053341e-05
1.111000e-04 -2.577479e-05
1.110000e-04 -5.392996e-05
1.109000e-04 -4.225810e-05
1.108000e-04 3.182925e-05
1.107000e-04 -3.528376e-05
1.106000e-04 -2.420083e-05
1.105000e-04 1.416787e-06
1.104000e-04 -1.028795e-05
1.103000e-04 4.606122e-05
1.102000e-04 -1.530198e-05
1.101000e-04 -1.205844e-05
1.100000e-04 -2.613017e-06
