1.427365e-04 3.229665e-01
1.427689e-04 3.282819e-01
1.428013e-04 2.567670e-01
1.428337e-04 3.398521e-01
1.428661e-04 3.317003e-01
1.428986e-04 3.279341e-01
1.429310e-04 3.279767e-01
1.429634e-04 3.276025e-01
1.429959e-04 3.172722e-01
1.430283e-04 4.474372e-01
1.430608e-04 3.495111e-01
1.430933e-04 3.332035e-01
1.431257e-04 3.405589e-01
1.431582e-04 3.516056e-01
1.431907e-04 3.351514e-01
1.432232e-04 3.090776e-01
1.432557e-04 3.510876e-01
1.432882e-04 3.510984e-01
1.433207e-04 3.162640e-01
1.433532e-04 3.460812e-01
1.433857e-04 3.469698e-01
1.434182e-04 3.406911e-01
1.434507e-04 3.476794e-01
1.434833e-04 3.542904e-01
1.435158e-04 3.673756e-01
1.435483e-04 3.801418e-01
1.435809e-04 3.638665e-01
1.436134e-04 3.727064e-01
1.436460e-04 3.696053e-01
1.436785e-04 3.771811e-01
1.437111e-04 3.671759e-01
1.437437e-04 3.936049e-01
1.437763e-04 3.973882e-01
1.438088e-04 3.903259e-01
1.438414e-04 3.463377e-01
1.438740e-04 3.698021e-01
1.439066e-04 3.876174e-01
1.439392e-04 3.834043e-01
1.439718e-04 3.697004e-01
1.440044e-04 3.764303e-01
1.440371e-04 3.988243e-01
1.440697e-04 3.360925e-01
1.441023e-04 3.566392e-01
1.441349e-04 3.948298e-01
1.441676e-04 3.936534e-01
1.442002e-04 3.906721e-01
1.442329e-04 3.837873e-01
1.442655e-04 3.859607e-01
1.442982e-04 3.861534e-01
1.443309e-04 3.638148e-01
1.443635e-04 3.317852e-01
1.443962e-04 3.767614e-01
1.444289e-04 3.786592e-01
1.444616e-04 3.671082e-01
1.444943e-04 3.558802e-01
1.445270e-04 3.027373e-01
1.445597e-04 3.188646e-01
1.445924e-04 3.525130e-01
1.446251e-04 3.801538e-01
1.446578e-04 3.769320e-01
1.446905e-04 3.228995e-01
1.447233e-04 3.332865e-01
1.447560e-04 3.874062e-01
1.447887e-04 3.850252e-01
1.448215e-04 3.578213e-01
1.448542e-04 3.546529e-01
1.448870e-04 3.937297e-01
1.449197e-04 3.999307e-01
1.449525e-04 4.038714e-01
1.449853e-04 4.017331e-01
1.450181e-04 4.040674e-01
1.450508e-04 3.993398e-01
1.450836e-04 3.948871e-01
1.451164e-04 3.645745e-01
1.451492e-04 3.951360e-01
1.451820e-04 3.870219e-01
1.452148e-04 3.804996e-01
1.452476e-04 3.773981e-01
1.452804e-04 4.008963e-01
1.453133e-04 4.146428e-01
1.453461e-04 4.019435e-01
1.453789e-04 4.002670e-01
1.454117e-04 4.197921e-01
1.454446e-04 4.220210e-01
1.454774e-04 3.738135e-01
1.455103e-04 3.771861e-01
1.455431e-04 4.389874e-01
1.455760e-04 4.406437e-01
1.456089e-04 4.123299e-01
1.456417e-04 4.020938e-01
1.456746e-04 4.015422e-01
1.457075e-04 4.551977e-01
1.457404e-04 4.207718e-01
1.457733e-04 3.667704e-01
1.458062e-04 4.510890e-01
1.458391e-04 4.393617e-01
1.458720e-04 4.661240e-01
1.459049e-04 4.558679e-01
1.459378e-04 4.437976e-01
1.459707e-04 4.447446e-01
1.460037e-04 4.341385e-01
1.460366e-04 4.322722e-01
1.460695e-04 4.106120e-01
1.461025e-04 3.855981e-01
1.461354e-04 3.292799e-01
1.461684e-04 2.936938e-01
1.462013e-04 2.584687e-01
1.462343e-04 2.382962e-01
1.462672e-04 2.419493e-01
1.463002e-04 2.382259e-01
1.463332e-04 1.923951e-01
1.463662e-04 1.976196e-01
1.463992e-04 1.949394e-01
1.464322e-04 1.773339e-01
1.464651e-04 1.708894e-01
1.464981e-04 1.585532e-01
1.465312e-04 1.539050e-01
1.465642e-04 1.411831e-01
1.465972e-04 1.349915e-01
1.466302e-04 1.236667e-01
1.466632e-04 1.164418e-01
1.466963e-04 1.082941e-01
1.467293e-04 1.043157e-01
1.467623e-04 1.005278e-01
1.467954e-04 9.933960e-02
1.468284e-04 8.941113e-02
1.468615e-04 8.465555e-02
1.468945e-04 7.748112e-02
1.469276e-04 7.378931e-02
1.469607e-04 6.984291e-02
1.469937e-04 6.296244e-02
1.470268e-04 5.863936e-02
1.470599e-04 5.622300e-02
1.470930e-04 5.429204e-02
1.471261e-04 4.931475e-02
1.471592e-04 4.584305e-02
1.471923e-04 4.420680e-02
1.472254e-04 4.087149e-02
1.472585e-04 4.100006e-02
1.472916e-04 3.999149e-02
1.473247e-04 5.934942e-02
1.473579e-04 3.909634e-02
1.473910e-04 3.489702e-02
1.474241e-04 3.695088e-02
1.474573e-04 3.626602e-02
1.474904e-04 3.320891e-02
1.475236e-04 2.966828e-02
1.475567e-04 2.622567e-02
1.475899e-04 2.512092e-02
1.476230e-04 2.553166e-02
1.476562e-04 2.502080e-02
1.476894e-04 2.319996e-02
1.477226e-04 2.300725e-02
1.477557e-04 2.203138e-02
1.477889e-04 2.170611e-02
1.478221e-04 2.213307e-02
1.478553e-04 2.135485e-02
1.478885e-04 1.964248e-02
1.479217e-04 1.774424e-02
1.479549e-04 1.667852e-02
1.479882e-04 1.744009e-02
1.480214e-04 1.739661e-02
1.480546e-04 1.879852e-02
1.480878e-04 1.803913e-02
1.481211e-04 1.662160e-02
1.481543e-04 1.533432e-02
1.481875e-04 1.696212e-02
1.482208e-04 1.714903e-02
1.482540e-04 1.688980e-02
1.482873e-04 1.650344e-02
1.483206e-04 1.540793e-02
1.483538e-04 1.471552e-02
1.483871e-04 1.342893e-02
1.484204e-04 1.352609e-02
1.484537e-04 1.393411e-02
1.484869e-04 1.363407e-02
1.485202e-04 1.301442e-02
1.485535e-04 1.228332e-02
1.485868e-04 1.111852e-02
1.486201e-04 9.973065e-03
1.486534e-04 1.036363e-02
1.486868e-04 1.015416e-02
1.487201e-04 1.003185e-02
1.487534e-04 1.002683e-02
1.487867e-04 1.043616e-02
1.488201e-04 1.118736e-02
1.488534e-04 1.060675e-02
1.488867e-04 1.628934e-02
1.489201e-04 1.299527e-02
1.489534e-04 1.113483e-02
1.489868e-04 1.200508e-02
1.490201e-04 1.148117e-02
1.490535e-04 1.038059e-02
1.490869e-04 9.325857e-03
1.491202e-04 8.720360e-03
1.491536e-04 8.663723e-03
1.491870e-04 8.770846e-03
1.492204e-04 8.648780e-03
1.492538e-04 8.789502e-03
1.492872e-04 8.904921e-03
1.493206e-04 8.940645e-03
1.493540e-04 8.579946e-03
1.493874e-04 8.226047e-03
1.494208e-04 7.983301e-03
1.494542e-04 7.582310e-03
1.494876e-04 7.383966e-03
1.495210e-04 7.612991e-03
1.495545e-04 6.786863e-03
1.495879e-04 6.889318e-03
1.496214e-04 7.843653e-03
1.496548e-04 8.094153e-03
1.496882e-04 7.879485e-03
1.497217e-04 7.509864e-03
1.497552e-04 7.213340e-03
1.497886e-04 7.443023e-03
1.498221e-04 7.857580e-03
1.498555e-04 7.934947e-03
1.498890e-04 7.981246e-03
1.499225e-04 8.203762e-03
1.499560e-04 8.687880e-03
1.499895e-04 8.847771e-03
1.500230e-04 8.904235e-03
1.500565e-04 8.848407e-03
1.500900e-04 8.678945e-03
1.501235e-04 8.412928e-03
1.501570e-04 8.318674e-03
1.501905e-04 8.477059e-03
1.502240e-04 8.315136e-03
1.502575e-04 8.283715e-03
1.502911e-04 8.013471e-03
1.503246e-04 7.630334e-03
1.503581e-04 7.481208e-03
1.503917e-04 7.775837e-03
1.504252e-04 8.181982e-03
1.504588e-04 8.714320e-03
1.504923e-04 9.197053e-03
1.505259e-04 9.616269e-03
1.505594e-04 9.735697e-03
1.505930e-04 9.898602e-03
1.506266e-04 1.005870e-02
1.506601e-04 9.847676e-03
1.506937e-04 9.557806e-03
1.507273e-04 9.533983e-03
1.507609e-04 8.979107e-03
1.507945e-04 8.451088e-03
1.508281e-04 8.832274e-03
1.508617e-04 8.496922e-03
1.508953e-04 9.346028e-03
1.509289e-04 9.977198e-03
1.509625e-04 9.684511e-03
1.509961e-04 9.586587e-03
1.510297e-04 9.708192e-03
1.510634e-04 9.785844e-03
1.510970e-04 9.907676e-03
1.511306e-04 1.009655e-02
1.511643e-04 1.002923e-02
1.511979e-04 9.803765e-03
1.512315e-04 9.549343e-03
1.512652e-04 9.401613e-03
1.512988e-04 9.305455e-03
1.513325e-04 9.246047e-03
1.513662e-04 9.338588e-03
1.513998e-04 9.644707e-03
1.514335e-04 9.996079e-03
1.514672e-04 1.017839e-02
1.515009e-04 1.027156e-02
1.515345e-04 1.006353e-02
1.515682e-04 9.798855e-03
1.516019e-04 9.698755e-03
1.516356e-04 9.621088e-03
1.516693e-04 9.785553e-03
1.517030e-04 9.698109e-03
1.517367e-04 9.894373e-03
1.517704e-04 1.015705e-02
1.518042e-04 9.981668e-03
1.518379e-04 9.740716e-03
1.518716e-04 9.604404e-03
1.519053e-04 9.981489e-03
1.519391e-04 1.007454e-02
1.519728e-04 1.013008e-02
1.520065e-04 1.044990e-02
1.520403e-04 1.079046e-02
1.520740e-04 1.060390e-02
1.521078e-04 1.037361e-02
1.521415e-04 1.059752e-02
1.521753e-04 1.077358e-02
1.522091e-04 1.095876e-02
1.522428e-04 1.239307e-02
1.522766e-04 1.051298e-02
1.523104e-04 1.048271e-02
1.523442e-04 1.047327e-02
1.523780e-04 1.037129e-02
1.524118e-04 1.003017e-02
1.524455e-04 1.010804e-02
1.524793e-04 1.035795e-02
1.525131e-04 1.041569e-02
1.525470e-04 1.049772e-02
1.525808e-04 1.423847e-02
1.526146e-04 1.056306e-02
1.526484e-04 1.040335e-02
1.526822e-04 1.048753e-02
1.527160e-04 1.044895e-02
1.527499e-04 1.049734e-02
1.527837e-04 1.049249e-02
1.528175e-04 1.025103e-02
1.528514e-04 1.014855e-02
1.528852e-04 1.004651e-02
1.529191e-04 9.960278e-03
1.529529e-04 1.000104e-02
1.529868e-04 1.009216e-02
1.530206e-04 1.009877e-02
1.530545e-04 9.905689e-03
1.530884e-04 1.011312e-02
1.531223e-04 1.034497e-02
1.531561e-04 1.057175e-02
1.531900e-04 1.066643e-02
1.532239e-04 1.071683e-02
1.532578e-04 1.074652e-02
1.532917e-04 1.057486e-02
1.533256e-04 1.052434e-02
1.533595e-04 1.053021e-02
1.533934e-04 1.041833e-02
1.534273e-04 1.051761e-02
1.534612e-04 1.051576e-02
1.534951e-04 1.041283e-02
1.535290e-04 1.052310e-02
1.535630e-04 1.065361e-02
1.535969e-04 1.058758e-02
1.536308e-04 1.054706e-02
1.536648e-04 1.059620e-02
1.536987e-04 1.474074e-02
1.537326e-04 1.169440e-02
1.537666e-04 1.046371e-02
1.538005e-04 1.027480e-02
1.538345e-04 1.022911e-02
1.538684e-04 1.016640e-02
1.539024e-04 1.009493e-02
1.539364e-04 1.012444e-02
1.539703e-04 1.019535e-02
1.540043e-04 1.028513e-02
1.540383e-04 1.031947e-02
1.540723e-04 1.044248e-02
1.541063e-04 1.051542e-02
1.541402e-04 1.060118e-02
1.541742e-04 1.057797e-02
1.542082e-04 1.086464e-02
1.542422e-04 1.079718e-02
1.542762e-04 1.089747e-02
1.543102e-04 1.105964e-02
1.543443e-04 1.247303e-02
1.543783e-04 1.185721e-02
1.544123e-04 1.088507e-02
1.544463e-04 1.084854e-02
1.544803e-04 1.103634e-02
1.545144e-04 1.109035e-02
1.545484e-04 1.104847e-02
1.545824e-04 1.100388e-02
1.546165e-04 1.093692e-02
1.546505e-04 1.091128e-02
1.546846e-04 1.096306e-02
1.547186e-04 1.089485e-02
1.547527e-04 1.089023e-02
1.547867e-04 1.096797e-02
1.548208e-04 1.089022e-02
1.548549e-04 1.077237e-02
1.548889e-04 1.058744e-02
1.549230e-04 1.065416e-02
1.549571e-04 1.082233e-02
1.549912e-04 1.078828e-02
1.550253e-04 1.083220e-02
1.550593e-04 1.083743e-02
1.550934e-04 1.077467e-02
1.551275e-04 1.083294e-02
1.551616e-04 1.084598e-02
1.551957e-04 1.077288e-02
1.552298e-04 1.095056e-02
1.552639e-04 1.105721e-02
1.552981e-04 1.097611e-02
1.553322e-04 1.099295e-02
1.553663e-04 1.111700e-02
1.554004e-04 1.122260e-02
1.554345e-04 1.131173e-02
1.554687e-04 1.149438e-02
1.555028e-04 1.166104e-02
1.555370e-04 1.172972e-02
1.555711e-04 1.173279e-02
1.556052e-04 1.179468e-02
1.556394e-04 1.179872e-02
1.556735e-04 1.169034e-02
1.557077e-04 1.167833e-02
1.557419e-04 1.165459e-02
1.557760e-04 1.155696e-02
1.558102e-04 1.136706e-02
1.558444e-04 1.133360e-02
1.558785e-04 1.122242e-02
1.559127e-04 1.119095e-02
1.559469e-04 1.116349e-02
1.559811e-04 1.108140e-02
1.560153e-04 1.101300e-02
1.560495e-04 1.097471e-02
1.560837e-04 1.097595e-02
1.561179e-04 1.195264e-02
1.561521e-04 1.311660e-02
1.561863e-04 1.103950e-02
1.562205e-04 1.093543e-02
1.562547e-04 1.085720e-02
1.562889e-04 1.093543e-02
1.563231e-04 1.076211e-02
1.563573e-04 1.094510e-02
1.563916e-04 1.112405e-02
1.564258e-04 1.119176e-02
1.564600e-04 1.201803e-02
1.564943e-04 1.538680e-02
1.565285e-04 1.132654e-02
1.565627e-04 1.130288e-02
1.565970e-04 1.134760e-02
1.566312e-04 1.132958e-02
1.566655e-04 1.136449e-02
1.566998e-04 1.138359e-02
1.567340e-04 1.139647e-02
1.567683e-04 1.141025e-02
1.568025e-04 1.135481e-02
1.568368e-04 1.145357e-02
1.568711e-04 1.147107e-02
1.569054e-04 1.175108e-02
1.569397e-04 1.150207e-02
1.569739e-04 1.142959e-02
1.570082e-04 1.118371e-02
1.570425e-04 1.081432e-02
1.570768e-04 1.130210e-02
1.571111e-04 1.126553e-02
1.571454e-04 1.098269e-02
1.571797e-04 1.091328e-02
1.572140e-04 1.081198e-02
1.572483e-04 1.064238e-02
1.572826e-04 1.036694e-02
1.573170e-04 1.028390e-02
1.573513e-04 1.039010e-02
1.573856e-04 1.027022e-02
1.574199e-04 1.026462e-02
1.574543e-04 1.029058e-02
1.574886e-04 1.028586e-02
1.575229e-04 1.034363e-02
1.575573e-04 1.023992e-02
1.575916e-04 1.027237e-02
1.576260e-04 9.989987e-03
1.576603e-04 1.020034e-02
1.576947e-04 1.001038e-02
1.577290e-04 1.010471e-02
1.577634e-04 1.016776e-02
1.577977e-04 1.018689e-02
1.578321e-04 1.026626e-02
1.578665e-04 1.025821e-02
1.579009e-04 1.028548e-02
1.579352e-04 1.013201e-02
1.579696e-04 1.029655e-02
1.580040e-04 1.028708e-02
1.580384e-04 1.027107e-02
1.580728e-04 1.035600e-02
1.581072e-04 1.017599e-02
1.581416e-04 1.014533e-02
1.581760e-04 1.009676e-02
1.582104e-04 1.010871e-02
1.582448e-04 1.001695e-02
1.582792e-04 9.968293e-03
1.583136e-04 9.929520e-03
1.583480e-04 1.021482e-02
1.583824e-04 1.026372e-02
1.584168e-04 1.031506e-02
1.584513e-04 1.063112e-02
1.584857e-04 1.071033e-02
1.585201e-04 1.076612e-02
1.585545e-04 1.087728e-02
1.585890e-04 1.107004e-02
1.586234e-04 1.092169e-02
1.586579e-04 1.084820e-02
1.586923e-04 1.087561e-02
1.587268e-04 1.110821e-02
1.587612e-04 1.110084e-02
1.587957e-04 1.101786e-02
1.588301e-04 1.091176e-02
1.588646e-04 1.069239e-02
1.588991e-04 1.061223e-02
1.589335e-04 1.054469e-02
1.589680e-04 1.051080e-02
1.590025e-04 1.044871e-02
1.590369e-04 1.043147e-02
1.590714e-04 1.043005e-02
1.591059e-04 1.047078e-02
1.591404e-04 1.050535e-02
1.591749e-04 1.045556e-02
1.592094e-04 1.051921e-02
1.592439e-04 1.048138e-02
1.592784e-04 1.036637e-02
1.593129e-04 1.032987e-02
1.593474e-04 1.020692e-02
1.593819e-04 1.018676e-02
1.594164e-04 1.013204e-02
1.594509e-04 9.964969e-03
1.594854e-04 9.856698e-03
1.595199e-04 9.774057e-03
1.595545e-04 9.675194e-03
1.595890e-04 9.726719e-03
1.596235e-04 9.772527e-03
1.596580e-04 9.816168e-03
1.596926e-04 9.829319e-03
1.597271e-04 9.889431e-03
1.597616e-04 9.991349e-03
1.597962e-04 1.004638e-02
1.598307e-04 9.936209e-03
1.598653e-04 9.913433e-03
1.598998e-04 9.847917e-03
1.599344e-04 9.766735e-03
1.599689e-04 9.818364e-03
1.600035e-04 9.729288e-03
1.600381e-04 9.603311e-03
1.600726e-04 9.508745e-03
1.601072e-04 9.427665e-03
1.601418e-04 9.240755e-03
1.601763e-04 9.236376e-03
1.602109e-04 9.209524e-03
1.602455e-04 9.101802e-03
1.602801e-04 9.135228e-03
1.603147e-04 9.125934e-03
1.603493e-04 9.282799e-03
1.603839e-04 9.383711e-03
1.604185e-04 9.438169e-03
1.604531e-04 9.437666e-03
1.604877e-04 9.646107e-03
1.605223e-04 9.774715e-03
1.605569e-04 9.738671e-03
1.605915e-04 9.602288e-03
1.606261e-04 9.583732e-03
1.606607e-04 9.614595e-03
1.606953e-04 9.525372e-03
1.607299e-04 9.533702e-03
1.607646e-04 9.512865e-03
1.607992e-04 9.765223e-03
1.608338e-04 9.990381e-03
1.608684e-04 9.933494e-03
1.609031e-04 1.022212e-02
1.609377e-04 1.027000e-02
1.609724e-04 1.047766e-02
1.610070e-04 1.063277e-02
1.610416e-04 1.044432e-02
1.610763e-04 1.015927e-02
1.611109e-04 1.007531e-02
1.611456e-04 1.019634e-02
1.611803e-04 1.029740e-02
1.612149e-04 1.024454e-02
1.612496e-04 1.008627e-02
1.612842e-04 9.977125e-03
1.613189e-04 1.003038e-02
1.613536e-04 1.001407e-02
1.613883e-04 9.934314e-03
1.614229e-04 9.862664e-03
1.614576e-04 9.909469e-03
1.614923e-04 9.912160e-03
1.615270e-04 9.873951e-03
1.615617e-04 9.857041e-03
1.615964e-04 9.916158e-03
1.616310e-04 9.851262e-03
1.616657e-04 9.699167e-03
1.617004e-04 9.761866e-03
1.617351e-04 9.754400e-03
1.617698e-04 9.813242e-03
1.618045e-04 9.867256e-03
1.618393e-04 9.809020e-03
1.618740e-04 9.813473e-03
1.619087e-04 9.881817e-03
1.619434e-04 9.902655e-03
1.619781e-04 9.936390e-03
1.620128e-04 9.897896e-03
1.620476e-04 9.953645e-03
1.620823e-04 9.987541e-03
1.621170e-04 9.987256e-03
1.621517e-04 9.956863e-03
1.621865e-04 1.010248e-02
1.622212e-04 1.091727e-02
1.622560e-04 1.211267e-02
1.622907e-04 1.005235e-02
1.623254e-04 1.001275e-02
1.623602e-04 9.980125e-03
1.623949e-04 1.005311e-02
1.624297e-04 9.983912e-03
1.624644e-04 9.927678e-03
1.624992e-04 9.608236e-03
1.625340e-04 9.935626e-03
1.625687e-04 9.932702e-03
1.626035e-04 9.949066e-03
1.626383e-04 9.927554e-03
1.626730e-04 1.001254e-02
1.627078e-04 1.001385e-02
1.627426e-04 1.082876e-02
1.627774e-04 1.253927e-02
1.628121e-04 9.942857e-03
1.628469e-04 9.897400e-03
1.628817e-04 9.922828e-03
1.629165e-04 9.896022e-03
1.629513e-04 9.788723e-03
1.629861e-04 9.817953e-03
1.630209e-04 9.655103e-03
1.630557e-04 9.586843e-03
1.630905e-04 9.608594e-03
1.631253e-04 9.650813e-03
1.631601e-04 9.575772e-03
1.631949e-04 9.439225e-03
1.632297e-04 9.577319e-03
1.632645e-04 9.624472e-03
1.632993e-04 9.701215e-03
1.633341e-04 9.770744e-03
1.633690e-04 9.581881e-03
1.634038e-04 9.717110e-03
1.634386e-04 9.664788e-03
1.634734e-04 9.603407e-03
1.635083e-04 9.557140e-03
1.635431e-04 9.377289e-03
1.635779e-04 9.522261e-03
1.636128e-04 9.484579e-03
1.636476e-04 1.051084e-02
1.636825e-04 9.486848e-03
1.637173e-04 9.641770e-03
1.637521e-04 9.573983e-03
1.637870e-04 9.800496e-03
1.638218e-04 9.824452e-03
1.638567e-04 9.947264e-03
1.638916e-04 1.002966e-02
1.639264e-04 1.002559e-02
1.639613e-04 1.021066e-02
1.639961e-04 1.029516e-02
1.640310e-04 1.025648e-02
1.640659e-04 1.005029e-02
1.641007e-04 1.037866e-02
1.641356e-04 1.030685e-02
1.641705e-04 1.012316e-02
1.642054e-04 9.985398e-03
1.642403e-04 9.912528e-03
1.642751e-04 9.880535e-03
1.643100e-04 9.744552e-03
1.643449e-04 9.604161e-03
1.643798e-04 9.513756e-03
1.644147e-04 9.504653e-03
1.644496e-04 9.451939e-03
1.644845e-04 9.356904e-03
1.645194e-04 9.511116e-03
1.645543e-04 9.558486e-03
1.645892e-04 9.660437e-03
1.646241e-04 9.579323e-03
1.646590e-04 9.676858e-03
1.646939e-04 9.686508e-03
1.647288e-04 9.637372e-03
1.647637e-04 9.498752e-03
1.647986e-04 9.527786e-03
1.648336e-04 9.494420e-03
1.648685e-04 9.424408e-03
1.649034e-04 9.377708e-03
1.649383e-04 9.358353e-03
1.649733e-04 9.214895e-03
1.650082e-04 8.937831e-03
1.650431e-04 9.057288e-03
1.650780e-04 9.242323e-03
1.651130e-04 9.214190e-03
1.651479e-04 9.065681e-03
1.651829e-04 9.353366e-03
1.652178e-04 9.317955e-03
1.652527e-04 9.310297e-03
1.652877e-04 9.319229e-03
1.653226e-04 9.356237e-03
1.653576e-04 9.339965e-03
1.653925e-04 9.287488e-03
1.654275e-04 9.431020e-03
1.654625e-04 9.426838e-03
1.654974e-04 9.551314e-03
1.655324e-04 9.605315e-03
1.655673e-04 9.555819e-03
1.656023e-04 9.591748e-03
1.656373e-04 9.687827e-03
1.656723e-04 9.867786e-03
1.657072e-04 9.834282e-03
1.657422e-04 9.774159e-03
1.657772e-04 9.644650e-03
1.658122e-04 9.774157e-03
1.658471e-04 9.834483e-03
1.658821e-04 9.789480e-03
1.659171e-04 9.782523e-03
1.659521e-04 9.774615e-03
1.659871e-04 9.641097e-03
1.660221e-04 9.546953e-03
1.660571e-04 9.491064e-03
1.660921e-04 9.506770e-03
1.661271e-04 9.262319e-03
1.661621e-04 9.310792e-03
1.661971e-04 9.324833e-03
1.662321e-04 9.420410e-03
1.662671e-04 9.506596e-03
1.663021e-04 9.429806e-03
1.663371e-04 9.438655e-03
1.663721e-04 9.453680e-03
1.664071e-04 9.907219e-03
1.664421e-04 9.577273e-03
1.664771e-04 9.115090e-03
1.665122e-04 8.760612e-03
1.665472e-04 8.870738e-03
1.665822e-04 8.829947e-03
1.666172e-04 8.674254e-03
1.666523e-04 8.925132e-03
1.666873e-04 9.243403e-03
1.667223e-04 9.262413e-03
1.667574e-04 9.463180e-03
1.667924e-04 9.471253e-03
1.668274e-04 9.368088e-03
1.668625e-04 9.276348e-03
1.668975e-04 9.241013e-03
1.669326e-04 9.353612e-03
1.669676e-04 9.384209e-03
1.670026e-04 9.410611e-03
1.670377e-04 9.249290e-03
1.670727e-04 9.225879e-03
1.671078e-04 9.289763e-03
1.671429e-04 9.303507e-03
1.671779e-04 9.339115e-03
1.672130e-04 9.431665e-03
1.672480e-04 9.371330e-03
1.672831e-04 9.344434e-03
1.673182e-04 9.276152e-03
1.673532e-04 9.171397e-03
1.673883e-04 9.169796e-03
1.674234e-04 8.966631e-03
1.674584e-04 9.139987e-03
1.674935e-04 9.205896e-03
1.675286e-04 9.099458e-03
1.675637e-04 9.060010e-03
1.675987e-04 9.042209e-03
1.676338e-04 9.067527e-03
1.676689e-04 9.128918e-03
1.677040e-04 9.128547e-03
1.677391e-04 9.236458e-03
1.677742e-04 9.433189e-03
1.678093e-04 9.397516e-03
1.678443e-04 9.320746e-03
1.678794e-04 9.616184e-03
1.679145e-04 9.667729e-03
1.679496e-04 9.754568e-03
1.679847e-04 9.728118e-03
1.680198e-04 9.563196e-03
1.680549e-04 9.663714e-03
1.680900e-04 9.660820e-03
1.681251e-04 9.569431e-03
1.681603e-04 9.590120e-03
1.681954e-04 9.508939e-03
1.682305e-04 9.460246e-03
1.682656e-04 9.377776e-03
1.683007e-04 9.170989e-03
1.683358e-04 9.138174e-03
1.683709e-04 9.040917e-03
1.684061e-04 9.021083e-03
1.684412e-04 9.004037e-03
1.684763e-04 8.933499e-03
1.685114e-04 8.988398e-03
1.685466e-04 9.010717e-03
1.685817e-04 8.935928e-03
1.686168e-04 9.037572e-03
1.686519e-04 8.887412e-03
1.686871e-04 8.701464e-03
1.687222e-04 8.785554e-03
1.687574e-04 8.830243e-03
1.687925e-04 8.844874e-03
1.688276e-04 8.817894e-03
1.688628e-04 8.814507e-03
1.688979e-04 8.710921e-03
1.689331e-04 8.662160e-03
1.689682e-04 8.524977e-03
1.690034e-04 8.922120e-03
1.690385e-04 1.012727e-02
1.690737e-04 8.459898e-03
1.691088e-04 8.595381e-03
1.691440e-04 8.714127e-03
1.691791e-04 8.710060e-03
1.692143e-04 8.750553e-03
1.692494e-04 8.747319e-03
1.692846e-04 8.835331e-03
1.693198e-04 8.778323e-03
1.693549e-04 8.717363e-03
1.693901e-04 8.701385e-03
1.694253e-04 8.660027e-03
1.694604e-04 8.642763e-03
1.694956e-04 8.691284e-03
1.695308e-04 8.751099e-03
1.695660e-04 8.697215e-03
1.696011e-04 8.543874e-03
1.696363e-04 8.400528e-03
1.696715e-04 8.352991e-03
1.697067e-04 8.431619e-03
1.697419e-04 8.390940e-03
1.697770e-04 8.467758e-03
1.698122e-04 8.548660e-03
1.698474e-04 8.581558e-03
1.698826e-04 8.562471e-03
1.699178e-04 8.549118e-03
1.699530e-04 8.435585e-03
1.699882e-04 8.345168e-03
1.700234e-04 8.321755e-03
1.700586e-04 8.370705e-03
1.700938e-04 8.407561e-03
1.701290e-04 8.411167e-03
1.701642e-04 8.531201e-03
1.701994e-04 8.644196e-03
1.702346e-04 8.667912e-03
1.702698e-04 8.688786e-03
1.703050e-04 8.642822e-03
1.703402e-04 8.708885e-03
1.703754e-04 8.955050e-03
1.704106e-04 1.441313e-02
1.704458e-04 8.551708e-03
1.704810e-04 8.575874e-03
1.705162e-04 8.667844e-03
1.705515e-04 8.548996e-03
1.705867e-04 8.526673e-03
1.706219e-04 8.454218e-03
1.706571e-04 8.421664e-03
1.706923e-04 8.452479e-03
1.707276e-04 8.185530e-03
1.707628e-04 8.144494e-03
1.707980e-04 8.082247e-03
1.708332e-04 8.262696e-03
1.708685e-04 8.089599e-03
1.709037e-04 8.052969e-03
1.709389e-04 8.293091e-03
1.709742e-04 8.459635e-03
1.710094e-04 8.442722e-03
1.710446e-04 8.404549e-03
1.710799e-04 8.306923e-03
1.711151e-04 8.344031e-03
1.711504e-04 8.428755e-03
1.711856e-04 8.300708e-03
1.712208e-04 8.319549e-03
1.712561e-04 8.232262e-03
1.712913e-04 8.108701e-03
1.713266e-04 8.126121e-03
1.713618e-04 8.090884e-03
1.713971e-04 8.036509e-03
1.714323e-04 7.987243e-03
1.714676e-04 8.149975e-03
1.715028e-04 8.153756e-03
1.715381e-04 8.354173e-03
1.715733e-04 8.314635e-03
1.716086e-04 8.394270e-03
1.716438e-04 8.460774e-03
1.716791e-04 8.398977e-03
1.717144e-04 8.356009e-03
1.717496e-04 8.675991e-03
1.717849e-04 8.681193e-03
1.718202e-04 8.700713e-03
1.718554e-04 8.629214e-03
1.718907e-04 8.663469e-03
1.719260e-04 8.577752e-03
1.719612e-04 8.287995e-03
1.719965e-04 8.343263e-03
1.720318e-04 8.142311e-03
1.720670e-04 7.864037e-03
1.721023e-04 7.843368e-03
1.721376e-04 7.821976e-03
1.721729e-04 7.706245e-03
1.722081e-04 7.930363e-03
1.722434e-04 7.940851e-03
1.722787e-04 7.814592e-03
1.723140e-04 7.697396e-03
1.723493e-04 7.634410e-03
1.723845e-04 7.502364e-03
1.724198e-04 7.486108e-03
1.724551e-04 7.453659e-03
1.724904e-04 7.672893e-03
1.725257e-04 7.773274e-03
1.725610e-04 8.091307e-03
1.725963e-04 8.237288e-03
1.726316e-04 8.284587e-03
1.726669e-04 8.293373e-03
1.727022e-04 8.325489e-03
1.727374e-04 8.278424e-03
1.727727e-04 8.165686e-03
1.728080e-04 8.064060e-03
1.728433e-04 8.094657e-03
1.728786e-04 8.092186e-03
1.729139e-04 8.030652e-03
1.729492e-04 8.160498e-03
1.729845e-04 8.218840e-03
1.730198e-04 8.184786e-03
1.730552e-04 7.949036e-03
1.730905e-04 7.613604e-03
1.731258e-04 7.463672e-03
1.731611e-04 7.389630e-03
1.731964e-04 7.361218e-03
1.732317e-04 7.437757e-03
1.732670e-04 7.636392e-03
1.733023e-04 7.978630e-03
1.733376e-04 8.224491e-03
1.733729e-04 8.323468e-03
1.734083e-04 8.376106e-03
1.734436e-04 8.070152e-03
1.734789e-04 8.016071e-03
1.735142e-04 7.822218e-03
1.735495e-04 7.784623e-03
1.735848e-04 7.630117e-03
1.736202e-04 7.590831e-03
1.736555e-04 7.720106e-03
1.736908e-04 7.905061e-03
1.737261e-04 8.081356e-03
1.737615e-04 8.201948e-03
1.737968e-04 8.162441e-03
1.738321e-04 8.114981e-03
1.738674e-04 7.942776e-03
1.739028e-04 7.804630e-03
1.739381e-04 7.623291e-03
1.739734e-04 7.419288e-03
1.740088e-04 7.117934e-03
1.740441e-04 6.949307e-03
1.740794e-04 6.698639e-03
1.741148e-04 6.865719e-03
1.741501e-04 6.670186e-03
1.741854e-04 7.008735e-03
1.742208e-04 7.357703e-03
1.742561e-04 7.545033e-03
1.742915e-04 7.615077e-03
1.743268e-04 7.511160e-03
1.743621e-04 7.433479e-03
1.743975e-04 7.368201e-03
1.744328e-04 7.300752e-03
1.744682e-04 7.171306e-03
1.745035e-04 7.050242e-03
1.745389e-04 6.989409e-03
1.745742e-04 6.749135e-03
1.746096e-04 6.418598e-03
1.746449e-04 6.128616e-03
1.746802e-04 6.021263e-03
1.747156e-04 6.078595e-03
1.747509e-04 6.268943e-03
1.747863e-04 6.692237e-03
1.748217e-04 7.062955e-03
1.748570e-04 7.305357e-03
1.748924e-04 7.408819e-03
1.749277e-04 7.418069e-03
1.749631e-04 7.464413e-03
1.749984e-04 7.387075e-03
1.750338e-04 7.188770e-03
1.750691e-04 7.236929e-03
1.751045e-04 7.166668e-03
1.751399e-04 7.129744e-03
1.751752e-04 7.190505e-03
1.752106e-04 7.309674e-03
1.752459e-04 7.555575e-03
1.752813e-04 7.626419e-03
1.753167e-04 7.432546e-03
1.753520e-04 7.439270e-03
1.753874e-04 7.273434e-03
1.754228e-04 7.035292e-03
1.754581e-04 6.972885e-03
1.754935e-04 6.818482e-03
1.755289e-04 6.625556e-03
1.755642e-04 6.479567e-03
1.755996e-04 6.501519e-03
1.756350e-04 6.323437e-03
1.756703e-04 6.352665e-03
1.757057e-04 6.408188e-03
1.757411e-04 6.602133e-03
1.757765e-04 6.748774e-03
1.758118e-04 7.039883e-03
1.758472e-04 7.268843e-03
1.758826e-04 7.447846e-03
1.759180e-04 7.411657e-03
1.759533e-04 7.340889e-03
1.759887e-04 7.228596e-03
1.760241e-04 7.076490e-03
1.760595e-04 6.875573e-03
1.760948e-04 6.923139e-03
1.761302e-04 6.603271e-03
1.761656e-04 6.586376e-03
1.762010e-04 6.582626e-03
1.762364e-04 6.593474e-03
1.762717e-04 6.571088e-03
1.763071e-04 6.639748e-03
1.763425e-04 6.654670e-03
1.763779e-04 6.735923e-03
1.764133e-04 6.655402e-03
1.764487e-04 6.388930e-03
1.764840e-04 5.955362e-03
1.765194e-04 5.768954e-03
1.765548e-04 5.560057e-03
1.765902e-04 5.461259e-03
1.766256e-04 5.495222e-03
1.766610e-04 5.572244e-03
1.766964e-04 6.239209e-03
1.767318e-04 6.380825e-03
1.767672e-04 6.462625e-03
1.768025e-04 6.340192e-03
1.768379e-04 6.069789e-03
1.768733e-04 6.070585e-03
1.769087e-04 6.005595e-03
1.769441e-04 5.895492e-03
1.769795e-04 5.815845e-03
1.770149e-04 5.766334e-03
1.770503e-04 5.925235e-03
1.770857e-04 6.006960e-03
1.771211e-04 6.084510e-03
1.771565e-04 6.656282e-03
1.771919e-04 6.137754e-03
1.772273e-04 6.231817e-03
1.772627e-04 6.209239e-03
1.772981e-04 6.002853e-03
1.773335e-04 7.889800e-03
1.773689e-04 5.691369e-03
1.774043e-04 5.326244e-03
1.774397e-04 5.186781e-03
1.774751e-04 5.171689e-03
1.775105e-04 5.147176e-03
1.775459e-04 5.138577e-03
1.775813e-04 5.178158e-03
1.776167e-04 4.926855e-03
1.776521e-04 5.004435e-03
1.776875e-04 5.341926e-03
1.777229e-04 5.242004e-03
1.777583e-04 5.376911e-03
1.777937e-04 5.222347e-03
1.778291e-04 5.094389e-03
1.778645e-04 5.232689e-03
1.778999e-04 5.183068e-03
1.779353e-04 5.395504e-03
1.779707e-04 5.737028e-03
1.780061e-04 6.005608e-03
1.780415e-04 6.030851e-03
1.780769e-04 5.881899e-03
1.781123e-04 5.828565e-03
1.781477e-04 5.894340e-03
1.781832e-04 6.067835e-03
1.782186e-04 6.427609e-03
1.782540e-04 6.701702e-03
1.782894e-04 6.808448e-03
1.783248e-04 6.651290e-03
1.783602e-04 6.213288e-03
1.783956e-04 5.916258e-03
1.784310e-04 6.110543e-03
1.784664e-04 5.781292e-03
1.785018e-04 5.299671e-03
1.785372e-04 5.591415e-03
1.785727e-04 6.319232e-03
1.786081e-04 6.499715e-03
1.786435e-04 6.741126e-03
1.786789e-04 8.477739e-03
1.787143e-04 8.142521e-03
1.787497e-04 8.106537e-03
1.787851e-04 8.439886e-03
1.788206e-04 9.341505e-03
1.788560e-04 9.691065e-03
1.788914e-04 9.587257e-03
1.789268e-04 9.781522e-03
1.789622e-04 1.000584e-02
1.789976e-04 9.832775e-03
1.790330e-04 9.778268e-03
1.790685e-04 9.495790e-03
1.791039e-04 9.338265e-03
1.791393e-04 8.941504e-03
1.791747e-04 8.679976e-03
1.792101e-04 8.228968e-03
1.792455e-04 9.336951e-03
1.792810e-04 9.943408e-03
1.793164e-04 1.062756e-02
1.793518e-04 3.052647e-02
1.793872e-04 1.687745e-02
1.794226e-04 1.083465e-02
1.794580e-04 1.174972e-02
1.794935e-04 1.238275e-02
1.795289e-04 1.275840e-02
1.795643e-04 1.258845e-02
1.795997e-04 1.206472e-02
1.796351e-04 1.402700e-02
1.796705e-04 1.455377e-02
1.797060e-04 1.522095e-02
1.797414e-04 1.573424e-02
1.797768e-04 1.550374e-02
1.798122e-04 1.584985e-02
1.798476e-04 1.782284e-02
1.798831e-04 1.835315e-02
1.799185e-04 1.874074e-02
1.799539e-04 1.843912e-02
1.799893e-04 1.857454e-02
1.800247e-04 1.943348e-02
1.800602e-04 1.962112e-02
1.800956e-04 2.044002e-02
1.801310e-04 2.104296e-02
1.801664e-04 2.157989e-02
1.802018e-04 2.237846e-02
1.802373e-04 1.974397e-02
1.802727e-04 2.214321e-02
1.803081e-04 2.529026e-02
1.803435e-04 2.661213e-02
1.803789e-04 2.855556e-02
1.804144e-04 2.848712e-02
1.804498e-04 2.693327e-02
1.804852e-04 2.947035e-02
1.805206e-04 3.479208e-02
1.805560e-04 3.417953e-02
1.805915e-04 3.420134e-02
1.806269e-04 3.746291e-02
1.806623e-04 3.980573e-02
1.806977e-04 4.173492e-02
1.807331e-04 4.327619e-02
1.807686e-04 4.488647e-02
1.808040e-04 4.453675e-02
1.808394e-04 4.843069e-02
1.808748e-04 5.236168e-02
1.809102e-04 5.395306e-02
1.809457e-04 5.441565e-02
1.809811e-04 5.185350e-02
1.810165e-04 4.984736e-02
1.810519e-04 5.191755e-02
1.810874e-04 5.536416e-02
1.811228e-04 1.831860e-01
1.811582e-04 2.017279e-01
1.811936e-04 5.897063e-02
1.812290e-04 5.510830e-02
1.812645e-04 4.962432e-02
1.812999e-04 4.185306e-02
1.813353e-04 4.885420e-02
1.813707e-04 4.755489e-02
1.814061e-04 5.638295e-02
1.814416e-04 5.688273e-02
1.814770e-04 5.585320e-02
1.815124e-04 5.690442e-02
1.815478e-04 5.716469e-02
1.815832e-04 5.587595e-02
1.816186e-04 4.643024e-02
1.816541e-04 4.169663e-02
1.816895e-04 5.083019e-02
1.817249e-04 5.574095e-02
1.817603e-04 5.668545e-02
1.817957e-04 5.583155e-02
1.818312e-04 5.654990e-02
1.818666e-04 5.158713e-02
1.819020e-04 5.621156e-02
1.819374e-04 5.429383e-02
1.819728e-04 5.324997e-02
1.820082e-04 5.225499e-02
1.820437e-04 5.624253e-02
1.820791e-04 5.668572e-02
1.821145e-04 5.519943e-02
1.821499e-04 5.217548e-02
1.821853e-04 4.705323e-02
1.822207e-04 5.380373e-02
1.822562e-04 5.500264e-02
1.822916e-04 5.008465e-02
1.823270e-04 4.682236e-02
1.823624e-04 4.111145e-02
1.823978e-04 4.843626e-02
1.824332e-04 5.940966e-02
1.824687e-04 5.980174e-02
1.825041e-04 5.907245e-02
1.825395e-04 5.792795e-02
1.825749e-04 5.580387e-02
1.826103e-04 5.363580e-02
1.826457e-04 5.277594e-02
1.826811e-04 5.631540e-02
1.827165e-04 5.779639e-02
1.827520e-04 5.814498e-02
1.827874e-04 5.651323e-02
1.828228e-04 5.752769e-02
1.828582e-04 5.778831e-02
1.828936e-04 5.959228e-02
1.829290e-04 1.081693e-01
1.829644e-04 1.856194e-01
1.829998e-04 6.320874e-02
1.830352e-04 6.226223e-02
1.830707e-04 5.118279e-02
1.831061e-04 5.658388e-02
1.831415e-04 5.890808e-02
1.831769e-04 5.225775e-02
1.832123e-04 6.140700e-02
1.832477e-04 6.320721e-02
1.832831e-04 6.331763e-02
1.833185e-04 6.450577e-02
1.833539e-04 5.572537e-02
1.833893e-04 5.406738e-02
1.834247e-04 6.008041e-02
1.834601e-04 5.805261e-02
1.834955e-04 4.893508e-02
1.835310e-04 6.213453e-02
1.835664e-04 6.374176e-02
1.836018e-04 6.356403e-02
1.836372e-04 6.500337e-02
1.836726e-04 6.671126e-02
1.837080e-04 5.851865e-02
1.837434e-04 6.588123e-02
1.837788e-04 7.800506e-02
1.838142e-04 1.243947e-01
1.838496e-04 5.991731e-02
1.838850e-04 6.881741e-02
1.839204e-04 6.683703e-02
1.839558e-04 6.781416e-02
1.839912e-04 6.966008e-02
1.840266e-04 6.616274e-02
1.840620e-04 7.152290e-02
1.840974e-04 7.039277e-02
