1.206080e-04 4.215488e-03
1.206343e-04 4.275357e-03
1.206605e-04 4.341938e-03
1.206867e-04 4.431063e-03
1.207129e-04 4.517375e-03
1.207392e-04 4.661323e-03
1.207654e-04 4.338172e-03
1.207916e-04 4.427557e-03
1.208179e-04 4.995511e-03
1.208441e-04 4.959362e-03
1.208704e-04 5.023028e-03
1.208966e-04 5.225530e-03
1.209229e-04 5.320587e-03
1.209492e-04 5.506627e-03
1.209754e-04 5.700233e-03
1.210017e-04 5.736674e-03
1.210280e-04 5.721102e-03
1.210543e-04 5.655480e-03
1.210806e-04 5.696603e-03
1.211068e-04 5.800092e-03
1.211331e-04 6.032234e-03
1.211594e-04 6.127239e-03
1.211857e-04 6.249568e-03
1.212120e-04 6.377666e-03
1.212383e-04 6.340536e-03
1.212646e-04 6.416685e-03
1.212910e-04 6.438474e-03
1.213173e-04 6.601677e-03
1.213436e-04 6.564833e-03
1.213699e-04 6.637557e-03
1.213963e-04 6.747370e-03
1.214226e-04 6.852161e-03
1.214489e-04 6.986274e-03
1.214753e-04 7.186024e-03
1.215016e-04 7.280195e-03
1.215280e-04 7.469303e-03
1.215543e-04 7.418466e-03
1.215807e-04 7.354409e-03
1.216070e-04 7.423974e-03
1.216334e-04 7.523643e-03
1.216598e-04 7.643824e-03
1.216861e-04 7.790531e-03
1.217125e-04 7.779385e-03
1.217389e-04 7.753782e-03
1.217653e-04 8.316267e-03
1.217917e-04 7.812998e-03
1.218180e-04 7.737020e-03
1.218444e-04 7.837783e-03
1.218708e-04 7.718948e-03
1.218972e-04 7.810255e-03
1.219236e-04 7.869758e-03
1.219501e-04 7.927188e-03
1.219765e-04 7.976810e-03
1.220029e-04 8.118435e-03
1.220293e-04 8.062131e-03
1.220557e-04 8.024682e-03
1.220822e-04 7.916892e-03
1.221086e-04 7.884404e-03
1.221350e-04 8.015237e-03
1.221615e-04 8.111262e-03
1.221879e-04 8.140942e-03
1.222143e-04 8.121198e-03
1.222408e-04 8.274666e-03
1.222672e-04 8.207853e-03
1.222937e-04 8.218617e-03
1.223202e-04 8.173297e-03
1.223466e-04 8.264992e-03
1.223731e-04 8.359737e-03
1.223996e-04 8.322686e-03
1.224260e-04 8.447937e-03
1.224525e-04 8.315912e-03
1.224790e-04 8.382684e-03
1.225055e-04 8.514886e-03
1.225320e-04 8.507454e-03
1.225585e-04 8.594324e-03
1.225850e-04 8.403649e-03
1.226115e-04 8.368092e-03
1.226380e-04 8.254878e-03
1.226645e-04 8.181496e-03
1.226910e-04 8.432496e-03
1.227175e-04 8.586868e-03
1.227440e-04 8.524329e-03
1.227706e-04 8.449375e-03
1.227971e-04 8.598445e-03
1.228236e-04 8.625676e-03
1.228501e-04 8.580164e-03
1.228767e-04 9.779030e-03
1.229032e-04 8.617474e-03
1.229298e-04 8.527209e-03
1.229563e-04 8.635989e-03
1.229829e-04 8.769293e-03
1.230094e-04 8.767366e-03
1.230360e-04 8.721195e-03
1.230625e-04 8.745215e-03
1.230891e-04 8.778791e-03
1.231157e-04 8.823216e-03
1.231422e-04 1.111083e-02
1.231688e-04 9.051016e-03
1.231954e-04 8.637494e-03
1.232220e-04 8.617523e-03
1.232486e-04 8.676659e-03
1.232751e-04 8.681020e-03
1.233017e-04 8.685290e-03
1.233283e-04 8.772265e-03
1.233549e-04 8.784257e-03
1.233815e-04 8.762379e-03
1.234081e-04 8.754986e-03
1.234348e-04 8.748937e-03
1.234614e-04 8.796264e-03
1.234880e-04 8.759660e-03
1.235146e-04 8.646073e-03
1.235412e-04 8.708005e-03
1.235679e-04 8.736722e-03
1.235945e-04 8.709265e-03
1.236211e-04 8.657142e-03
1.236478e-04 8.656036e-03
1.236744e-04 8.721445e-03
1.237010e-04 8.752138e-03
1.237277e-04 8.761892e-03
1.237543e-04 8.719545e-03
1.237810e-04 8.759651e-03
1.238077e-04 8.750270e-03
1.238343e-04 8.765870e-03
1.238610e-04 8.732440e-03
1.238877e-04 8.725552e-03
1.239143e-04 8.727712e-03
1.239410e-04 8.625744e-03
1.239677e-04 8.655027e-03
1.239944e-04 8.740081e-03
1.240210e-04 1.131606e-02
1.240477e-04 9.893534e-03
1.240744e-04 8.638565e-03
1.241011e-04 8.690688e-03
1.241278e-04 8.782265e-03
1.241545e-04 8.784156e-03
1.241812e-04 8.732940e-03
1.242079e-04 8.676073e-03
1.242347e-04 8.678840e-03
1.242614e-04 8.640097e-03
1.242881e-04 8.583476e-03
1.243148e-04 8.555643e-03
1.243415e-04 8.558277e-03
1.243683e-04 8.608836e-03
1.243950e-04 8.500507e-03
1.244217e-04 8.556803e-03
1.244485e-04 8.592241e-03
1.244752e-04 8.618959e-03
1.245020e-04 8.655876e-03
1.245287e-04 9.440485e-03
1.245555e-04 9.437113e-03
1.245822e-04 8.664405e-03
1.246090e-04 8.549956e-03
1.246357e-04 8.643477e-03
1.246625e-04 8.744194e-03
1.246893e-04 8.745509e-03
1.247160e-04 8.749293e-03
1.247428e-04 8.732472e-03
1.247696e-04 8.692195e-03
1.247964e-04 8.726744e-03
1.248232e-04 8.753803e-03
1.248500e-04 8.714313e-03
1.248767e-04 8.750032e-03
1.249035e-04 8.767005e-03
1.249303e-04 8.761663e-03
1.249571e-04 8.660064e-03
1.249839e-04 8.630932e-03
1.250107e-04 8.778731e-03
1.250376e-04 8.774507e-03
1.250644e-04 8.749993e-03
1.250912e-04 8.778143e-03
1.251180e-04 8.803005e-03
1.251448e-04 8.835364e-03
1.251717e-04 8.824844e-03
1.251985e-04 8.792797e-03
1.252253e-04 8.849058e-03
1.252522e-04 8.872931e-03
1.252790e-04 8.794015e-03
1.253058e-04 8.784368e-03
1.253327e-04 8.792892e-03
1.253595e-04 8.778069e-03
1.253864e-04 8.796011e-03
1.254132e-04 8.861713e-03
1.254401e-04 8.836939e-03
1.254670e-04 8.863847e-03
1.254938e-04 8.756437e-03
1.255207e-04 8.695374e-03
1.255476e-04 8.702017e-03
1.255744e-04 8.702985e-03
1.256013e-04 8.790759e-03
1.256282e-04 8.691714e-03
1.256551e-04 8.644705e-03
1.256820e-04 8.564888e-03
1.257089e-04 8.639380e-03
1.257357e-04 8.612899e-03
1.257626e-04 8.512372e-03
1.257895e-04 8.505640e-03
1.258164e-04 8.484592e-03
1.258433e-04 8.385741e-03
1.258703e-04 8.366919e-03
1.258972e-04 8.307228e-03
1.259241e-04 8.800565e-03
1.259510e-04 1.007811e-02
1.259779e-04 8.239113e-03
1.260048e-04 8.176347e-03
1.260318e-04 8.054135e-03
1.260587e-04 8.093034e-03
1.260856e-04 7.862845e-03
1.261126e-04 7.949642e-03
1.261395e-04 7.979277e-03
1.261664e-04 7.849311e-03
1.261934e-04 7.844830e-03
1.262203e-04 1.100854e-02
1.262473e-04 7.827817e-03
1.262742e-04 7.790071e-03
1.263012e-04 7.754338e-03
1.263282e-04 7.674877e-03
1.263551e-04 7.553590e-03
1.263821e-04 7.583554e-03
1.264091e-04 7.634677e-03
1.264360e-04 7.636921e-03
1.264630e-04 7.623825e-03
1.264900e-04 7.645572e-03
1.265170e-04 7.562643e-03
1.265439e-04 7.833076e-03
1.265709e-04 7.677951e-03
1.265979e-04 7.702528e-03
1.266249e-04 7.596095e-03
1.266519e-04 7.409761e-03
1.266789e-04 7.792575e-03
1.267059e-04 7.738957e-03
1.267329e-04 7.485863e-03
1.267599e-04 7.232218e-03
1.267869e-04 6.812357e-03
1.268139e-04 6.604771e-03
1.268410e-04 6.714582e-03
1.268680e-04 7.004707e-03
1.268950e-04 7.472089e-03
1.269220e-04 7.774869e-03
1.269490e-04 7.911370e-03
1.269761e-04 8.025634e-03
1.270031e-04 8.120600e-03
1.270301e-04 8.152190e-03
1.270572e-04 8.155312e-03
1.270842e-04 8.345462e-03
1.271113e-04 8.178809e-03
1.271383e-04 8.416118e-03
1.271654e-04 8.414233e-03
1.271924e-04 8.375537e-03
1.272195e-04 8.569874e-03
1.272465e-04 8.588094e-03
1.272736e-04 8.694485e-03
1.273007e-04 8.757910e-03
1.273277e-04 8.792666e-03
1.273548e-04 8.699414e-03
1.273819e-04 8.883215e-03
1.274089e-04 8.969233e-03
1.274360e-04 8.950094e-03
1.274631e-04 9.097508e-03
1.274902e-04 9.124057e-03
1.275173e-04 9.003532e-03
1.275444e-04 9.058058e-03
1.275715e-04 9.130815e-03
1.275986e-04 9.214661e-03
1.276257e-04 9.184028e-03
1.276528e-04 9.171981e-03
1.276799e-04 9.338147e-03
1.277070e-04 9.375626e-03
1.277341e-04 9.256570e-03
1.277612e-04 9.307710e-03
1.277883e-04 9.278531e-03
1.278154e-04 9.182076e-03
1.278425e-04 9.114271e-03
1.278697e-04 9.135157e-03
1.278968e-04 8.987183e-03
1.279239e-04 8.867338e-03
1.279510e-04 8.739556e-03
1.279782e-04 8.833671e-03
1.280053e-04 8.787861e-03
1.280325e-04 8.619280e-03
1.280596e-04 8.440255e-03
1.280867e-04 8.153124e-03
1.281139e-04 7.863111e-03
1.281410e-04 7.788992e-03
1.281682e-04 7.876180e-03
1.281954e-04 8.087267e-03
1.282225e-04 8.319060e-03
1.282497e-04 8.481513e-03
1.282768e-04 8.697352e-03
1.283040e-04 8.783392e-03
1.283312e-04 8.828493e-03
1.283583e-04 8.910417e-03
1.283855e-04 8.914382e-03
1.284127e-04 8.956173e-03
1.284399e-04 9.017165e-03
1.284671e-04 9.038488e-03
1.284942e-04 9.174893e-03
1.285214e-04 9.200515e-03
1.285486e-04 9.120822e-03
1.285758e-04 9.075749e-03
1.286030e-04 9.072080e-03
1.286302e-04 9.028587e-03
1.286574e-04 9.004772e-03
1.286846e-04 9.010496e-03
1.287118e-04 8.966207e-03
1.287390e-04 8.914999e-03
1.287662e-04 8.848870e-03
1.287935e-04 8.800818e-03
1.288207e-04 8.800827e-03
1.288479e-04 8.784145e-03
1.288751e-04 8.783375e-03
1.289023e-04 8.772435e-03
1.289296e-04 8.715572e-03
1.289568e-04 8.760162e-03
1.289840e-04 8.824848e-03
1.290113e-04 8.801574e-03
1.290385e-04 8.762105e-03
1.290657e-04 8.722529e-03
1.290930e-04 8.566713e-03
1.291202e-04 8.478023e-03
1.291475e-04 8.557943e-03
1.291747e-04 8.463187e-03
1.292020e-04 8.523629e-03
1.292292e-04 8.510139e-03
1.292565e-04 8.605755e-03
1.292837e-04 8.660215e-03
1.293110e-04 8.635278e-03
1.293383e-04 8.545972e-03
1.293655e-04 8.625659e-03
1.293928e-04 8.656272e-03
1.294201e-04 8.577978e-03
1.294474e-04 8.422786e-03
1.294746e-04 8.368201e-03
1.295019e-04 8.424172e-03
1.295292e-04 8.403739e-03
1.295565e-04 8.439960e-03
1.295838e-04 8.356556e-03
1.296111e-04 8.286069e-03
1.296383e-04 8.286188e-03
1.296656e-04 8.139862e-03
1.296929e-04 8.249571e-03
1.297202e-04 8.289959e-03
1.297475e-04 8.440814e-03
1.297748e-04 8.564803e-03
1.298022e-04 8.573052e-03
1.298295e-04 8.411836e-03
1.298568e-04 8.197034e-03
1.298841e-04 8.164093e-03
1.299114e-04 8.287457e-03
1.299387e-04 8.304221e-03
1.299660e-04 8.148230e-03
1.299934e-04 7.993051e-03
1.300207e-04 8.021505e-03
1.300480e-04 8.133873e-03
1.300754e-04 8.278886e-03
1.301027e-04 8.313382e-03
1.301300e-04 8.330276e-03
1.301574e-04 8.302593e-03
1.301847e-04 8.183793e-03
1.302120e-04 8.059791e-03
1.302394e-04 8.063747e-03
1.302667e-04 8.024976e-03
1.302941e-04 7.764742e-03
1.303214e-04 7.484480e-03
1.303488e-04 7.277928e-03
1.303762e-04 7.410240e-03
1.304035e-04 7.649280e-03
1.304309e-04 7.801038e-03
1.304582e-04 7.925827e-03
1.304856e-04 8.020641e-03
1.305130e-04 7.975041e-03
1.305403e-04 7.881429e-03
1.305677e-04 7.529466e-03
1.305951e-04 7.275658e-03
1.306225e-04 7.244970e-03
1.306499e-04 7.425704e-03
1.306772e-04 7.464672e-03
1.307046e-04 7.576250e-03
1.307320e-04 7.789677e-03
1.307594e-04 9.588142e-03
1.307868e-04 7.738802e-03
1.308142e-04 7.671794e-03
1.308416e-04 7.588253e-03
1.308690e-04 7.356532e-03
1.308964e-04 7.108524e-03
1.309238e-04 7.040630e-03
1.309512e-04 6.710293e-03
1.309786e-04 6.898261e-03
1.310060e-04 7.076128e-03
1.310334e-04 7.288492e-03
1.310608e-04 7.568453e-03
1.310882e-04 7.710469e-03
1.311157e-04 7.635115e-03
1.311431e-04 7.622436e-03
1.311705e-04 9.610625e-03
1.311979e-04 7.189401e-03
1.312254e-04 7.058079e-03
1.312528e-04 6.850245e-03
1.312802e-04 6.782441e-03
1.313077e-04 6.658522e-03
1.313351e-04 6.842597e-03
1.313625e-04 6.829620e-03
1.313900e-04 6.749243e-03
1.314174e-04 6.761649e-03
1.314449e-04 6.825538e-03
1.314723e-04 6.836353e-03
1.314998e-04 6.903142e-03
1.315272e-04 7.240617e-03
1.315547e-04 7.473094e-03
1.315821e-04 7.393896e-03
1.316096e-04 7.250472e-03
1.316370e-04 7.137519e-03
1.316645e-04 7.311334e-03
1.316920e-04 7.539003e-03
1.317194e-04 7.395489e-03
1.317469e-04 7.224895e-03
1.317744e-04 6.800735e-03
1.318018e-04 6.722324e-03
1.318293e-04 6.671103e-03
1.318568e-04 7.211793e-03
1.318843e-04 6.759476e-03
1.319117e-04 6.521519e-03
1.319392e-04 6.404854e-03
1.319667e-04 6.530616e-03
1.319942e-04 6.665719e-03
1.320217e-04 6.802416e-03
1.320492e-04 6.876627e-03
1.320767e-04 6.849512e-03
1.321042e-04 7.051272e-03
1.321317e-04 7.009318e-03
1.321592e-04 6.879994e-03
1.321867e-04 6.498669e-03
1.322142e-04 6.287131e-03
1.322417e-04 6.226879e-03
1.322692e-04 6.221890e-03
1.322967e-04 6.225911e-03
1.323242e-04 6.223658e-03
1.323517e-04 6.422203e-03
1.323792e-04 6.658960e-03
1.324068e-04 6.832425e-03
1.324343e-04 6.905140e-03
1.324618e-04 6.887053e-03
1.324893e-04 6.844023e-03
1.325169e-04 6.697637e-03
1.325444e-04 6.798416e-03
1.325719e-04 6.697342e-03
1.325994e-04 6.540330e-03
1.326270e-04 6.331409e-03
1.326545e-04 6.400275e-03
1.326821e-04 6.399963e-03
1.327096e-04 6.304290e-03
1.327371e-04 6.128935e-03
1.327647e-04 5.902176e-03
1.327922e-04 5.708456e-03
1.328198e-04 5.673656e-03
1.328473e-04 5.751056e-03
1.328749e-04 5.975528e-03
1.329024e-04 6.172885e-03
1.329300e-04 6.156232e-03
1.329575e-04 6.300110e-03
1.329851e-04 6.281594e-03
1.330127e-04 6.029453e-03
1.330402e-04 5.616413e-03
1.330678e-04 5.640063e-03
1.330954e-04 5.629021e-03
1.331229e-04 5.912768e-03
1.331505e-04 6.340558e-03
1.331781e-04 6.826895e-03
1.332056e-04 7.317931e-03
1.332332e-04 7.674663e-03
1.332608e-04 7.886586e-03
1.332884e-04 7.857170e-03
1.333160e-04 8.176016e-03
1.333435e-04 8.817415e-03
1.333711e-04 9.541596e-03
1.333987e-04 1.033454e-02
1.334263e-04 1.122437e-02
1.334539e-04 1.191420e-02
1.334815e-04 1.214047e-02
1.335091e-04 1.241051e-02
1.335367e-04 1.285515e-02
1.335643e-04 1.359171e-02
1.335919e-04 1.450190e-02
1.336195e-04 1.486530e-02
1.336471e-04 1.497415e-02
1.336747e-04 1.533588e-02
1.337023e-04 1.616218e-02
1.337299e-04 1.762849e-02
1.337575e-04 1.923150e-02
1.337851e-04 2.100306e-02
1.338128e-04 2.212514e-02
1.338404e-04 2.385234e-02
1.338680e-04 2.527416e-02
1.338956e-04 2.627393e-02
1.339232e-04 2.601274e-02
1.339509e-04 2.566728e-02
1.339785e-04 2.660889e-02
1.340061e-04 2.889809e-02
1.340337e-04 3.259201e-02
1.340614e-04 3.503759e-02
1.340890e-04 3.608002e-02
1.341166e-04 3.877824e-02
1.341443e-04 4.278176e-02
1.341719e-04 4.557676e-02
1.341995e-04 4.573484e-02
1.342272e-04 4.666110e-02
1.342548e-04 4.842804e-02
1.342825e-04 4.643786e-02
1.343101e-04 4.464085e-02
1.343378e-04 4.236048e-02
1.343654e-04 4.204516e-02
1.343931e-04 4.482897e-02
1.344207e-04 4.900925e-02
1.344484e-04 5.475644e-02
1.344760e-04 5.883627e-02
1.345037e-04 6.212787e-02
1.345314e-04 6.274851e-02
1.345590e-04 6.299492e-02
1.345867e-04 6.626711e-02
1.346143e-04 6.880900e-02
1.346420e-04 6.676192e-02
1.346697e-04 6.475952e-02
1.346974e-04 6.028525e-02
1.347250e-04 5.479872e-02
1.347527e-04 5.261337e-02
1.347804e-04 5.145674e-02
1.348080e-04 5.974250e-02
1.348357e-04 6.539302e-02
1.348634e-04 7.886623e-02
1.348911e-04 8.636230e-02
1.349188e-04 8.531399e-02
1.349465e-04 8.166985e-02
1.349741e-04 7.970828e-02
1.350018e-04 7.789304e-02
1.350295e-04 7.761514e-02
1.350572e-04 7.651481e-02
1.350849e-04 7.917221e-02
1.351126e-04 8.592218e-02
1.351403e-04 8.843715e-02
1.351680e-04 8.614407e-02
1.351957e-04 9.237622e-02
1.352234e-04 9.096729e-02
1.352511e-04 9.118467e-02
1.352788e-04 9.982214e-02
1.353065e-04 9.845617e-02
1.353342e-04 1.029080e-01
1.353619e-04 1.112665e-01
1.353896e-04 1.145730e-01
1.354173e-04 1.192851e-01
1.354450e-04 1.261076e-01
1.354728e-04 1.334589e-01
1.355005e-04 1.414675e-01
1.355282e-04 1.439627e-01
1.355559e-04 1.510957e-01
1.355836e-04 1.528904e-01
1.356114e-04 1.586040e-01
1.356391e-04 1.624063e-01
1.356668e-04 1.573029e-01
1.356945e-04 1.751280e-01
1.357223e-04 1.837517e-01
1.357500e-04 1.890223e-01
1.357777e-04 1.854516e-01
1.358055e-04 1.926017e-01
1.358332e-04 2.030073e-01
1.358609e-04 2.159094e-01
1.358887e-04 2.390993e-01
1.359164e-04 2.409958e-01
1.359441e-04 2.396063e-01
1.359719e-04 2.388924e-01
1.359996e-04 2.410183e-01
1.360274e-04 2.517297e-01
1.360551e-04 2.469130e-01
1.360829e-04 2.854595e-01
1.361106e-04 7.835320e-01
1.361384e-04 3.030780e-01
1.361661e-04 3.049538e-01
1.361939e-04 3.086565e-01
1.362216e-04 3.197925e-01
1.362494e-04 3.356335e-01
1.362771e-04 3.338209e-01
1.363049e-04 3.985906e-01
1.363326e-04 4.338232e-01
1.363604e-04 4.455870e-01
1.363882e-04 4.823355e-01
1.364159e-04 4.679765e-01
1.364437e-04 4.531362e-01
1.364715e-04 4.740400e-01
1.364992e-04 4.694916e-01
1.365270e-04 4.897977e-01
1.365548e-04 4.959843e-01
1.365825e-04 4.836583e-01
1.366103e-04 4.952943e-01
1.366381e-04 5.242323e-01
1.366659e-04 5.533514e-01
1.366936e-04 5.774199e-01
1.367214e-04 5.380096e-01
1.367492e-04 5.718993e-01
1.367770e-04 5.546330e-01
1.368048e-04 5.541550e-01
1.368325e-04 6.367669e-01
1.368603e-04 7.142948e-01
1.368881e-04 8.070676e-01
1.369159e-04 8.869148e-01
1.369437e-04 8.650353e-01
1.369715e-04 8.451318e-01
1.369993e-04 8.560802e-01
1.370271e-04 7.966688e-01
1.370549e-04 7.242570e-01
1.370827e-04 6.890247e-01
1.371105e-04 6.685849e-01
1.371383e-04 6.790081e-01
1.371661e-04 7.132247e-01
1.371939e-04 3.201441e+00
1.372217e-04 1.479377e+00
1.372495e-04 9.067124e-01
1.372773e-04 1.061589e+00
1.373051e-04 1.228368e+00
1.373329e-04 1.019299e+00
1.373607e-04 9.620632e-01
1.373885e-04 8.718902e-01
1.374163e-04 8.970878e-01
1.374441e-04 9.231966e-01
1.374719e-04 1.068670e+00
1.374997e-04 1.159805e+00
1.375276e-04 1.319513e+00
1.375554e-04 1.246487e+00
1.375832e-04 1.027265e+00
1.376110e-04 1.352219e+00
1.376388e-04 1.248648e+00
1.376666e-04 1.178291e+00
1.376945e-04 1.049797e+00
1.377223e-04 1.084196e+00
1.377501e-04 1.380399e+00
1.377779e-04 1.620365e+00
1.378058e-04 1.899546e+00
1.378336e-04 1.929692e+00
1.378614e-04 1.868763e+00
1.378893e-04 1.984457e+00
1.379171e-04 1.962260e+00
1.379449e-04 1.952499e+00
1.379728e-04 1.930968e+00
1.380006e-04 1.732950e+00
1.380284e-04 1.965460e+00
1.380563e-04 2.031269e+00
1.380841e-04 2.076031e+00
1.381119e-04 2.350040e+00
1.381398e-04 3.119072e+00
1.381676e-04 4.762685e+00
1.381955e-04 9.104725e+00
1.382233e-04 2.916717e+00
1.382511e-04 1.920737e+00
1.382790e-04 1.326332e+00
1.383068e-04 1.065908e+00
1.383347e-04 1.445683e+00
1.383625e-04 2.000734e+00
1.383904e-04 3.230670e+00
1.384182e-04 2.644785e+00
1.384461e-04 1.952909e+00
1.384739e-04 1.588370e+00
1.385018e-04 1.280547e+00
1.385297e-04 1.426376e+00
1.385575e-04 1.645309e+00
1.385854e-04 1.702698e+00
1.386132e-04 1.859449e+00
1.386411e-04 1.828855e+00
1.386689e-04 1.552277e+00
1.386968e-04 1.427687e+00
1.387247e-04 1.532826e+00
1.387525e-04 1.795595e+00
1.387804e-04 2.045609e+00
1.388083e-04 2.158265e+00
1.388361e-04 1.989286e+00
1.388640e-04 1.740419e+00
1.388919e-04 1.691569e+00
1.389197e-04 2.046551e+00
1.389476e-04 2.844924e+00
1.389755e-04 4.668623e+00
1.390033e-04 9.539748e+00
1.390312e-04 4.746102e+00
1.390591e-04 3.248841e+00
1.390870e-04 2.336959e+00
1.391148e-04 2.030149e+00
1.391427e-04 2.032161e+00
1.391706e-04 1.868807e+00
1.391985e-04 1.964062e+00
1.392264e-04 2.128966e+00
1.392542e-04 2.229829e+00
1.392821e-04 2.416796e+00
1.393100e-04 2.716957e+00
1.393379e-04 3.442108e+00
1.393658e-04 4.709365e+00
1.393937e-04 7.040768e+00
1.394215e-04 8.293556e+00
1.394494e-04 8.989140e+00
1.394773e-04 9.853801e+00
1.395052e-04 1.015561e+01
1.395331e-04 9.253284e+00
1.395610e-04 8.486569e+00
1.395889e-04 6.935365e+00
1.396168e-04 7.566482e+00
1.396447e-04 8.557021e+00
1.396726e-04 1.155814e+01
1.397005e-04 1.377702e+01
1.397284e-04 8.768362e+00
1.397563e-04 6.478946e+00
1.397841e-04 5.130596e+00
1.398120e-04 5.298906e+00
1.398399e-04 9.109418e+00
1.398678e-04 3.662650e+01
1.398957e-04 -1.600231e+01
1.399236e-04 -4.657020e+01
1.399516e-04 2.169352e+01
1.399795e-04 8.974674e+00
1.400074e-04 6.200660e+00
1.400353e-04 6.150195e+00
1.400632e-04 6.348854e+00
1.400911e-04 5.451798e+00
1.401190e-04 6.703570e+00
1.401469e-04 6.220117e+00
1.401748e-04 6.795122e+00
1.402027e-04 7.548707e+00
1.402306e-04 7.460230e+00
1.402585e-04 7.267342e+00
1.402864e-04 6.774715e+00
1.403144e-04 6.676294e+00
1.403423e-04 6.587060e+00
1.403702e-04 6.517913e+00
1.403981e-04 6.576447e+00
1.404260e-04 6.682112e+00
1.404539e-04 6.616048e+00
1.404818e-04 6.834466e+00
1.405098e-04 6.881941e+00
1.405377e-04 7.017294e+00
1.405656e-04 7.061721e+00
1.405935e-04 6.901602e+00
1.406214e-04 6.890009e+00
1.406494e-04 6.864398e+00
1.406773e-04 7.057925e+00
1.407052e-04 6.957949e+00
1.407331e-04 6.977475e+00
1.407611e-04 6.710619e+00
1.407890e-04 6.926905e+00
1.408169e-04 6.970453e+00
1.408448e-04 6.451791e+00
1.408728e-04 6.727543e+00
1.409007e-04 6.869053e+00
1.409286e-04 6.707742e+00
1.409565e-04 7.020610e+00
1.409845e-04 7.260423e+00
1.410124e-04 7.427925e+00
1.410403e-04 7.590456e+00
1.410683e-04 7.421195e+00
1.410962e-04 7.520430e+00
1.411241e-04 8.110437e+00
1.411521e-04 8.366316e+00
1.411800e-04 9.213441e+00
1.412079e-04 9.927774e+00
1.412359e-04 9.851438e+00
1.412638e-04 9.513365e+00
1.412917e-04 9.189837e+00
1.413197e-04 8.046439e+00
1.413476e-04 7.685460e+00
1.413756e-04 7.580253e+00
1.414035e-04 7.599795e+00
1.414314e-04 7.704518e+00
1.414594e-04 8.355993e+00
1.414873e-04 8.727523e+00
1.415153e-04 9.778481e+00
1.415432e-04 1.027239e+01
1.415711e-04 1.053904e+01
1.415991e-04 1.050300e+01
1.416270e-04 1.065956e+01
1.416550e-04 9.934045e+00
1.416829e-04 9.652056e+00
1.417109e-04 9.469791e+00
1.417388e-04 9.445381e+00
1.417668e-04 9.331187e+00
1.417947e-04 8.982636e+00
1.418226e-04 9.098032e+00
1.418506e-04 9.181958e+00
1.418785e-04 8.522359e+00
1.419065e-04 8.922283e+00
1.419344e-04 9.196689e+00
1.419624e-04 9.547933e+00
1.419903e-04 9.632576e+00
1.420183e-04 1.045613e+01
1.420462e-04 1.110100e+01
1.420742e-04 1.161515e+01
1.421021e-04 1.225105e+01
1.421301e-04 1.230159e+01
1.421581e-04 1.258614e+01
1.421860e-04 1.214973e+01
1.422140e-04 1.225517e+01
1.422419e-04 1.182303e+01
1.422699e-04 1.063811e+01
1.422978e-04 1.100237e+01
1.423258e-04 1.164110e+01
1.423537e-04 1.223252e+01
1.423817e-04 1.282478e+01
1.424097e-04 1.309757e+01
1.424376e-04 1.344316e+01
1.424656e-04 1.359603e+01
1.424935e-04 1.332338e+01
1.425215e-04 1.435568e+01
1.425494e-04 1.365173e+01
1.425774e-04 1.317744e+01
1.426054e-04 1.458283e+01
1.426333e-04 1.436096e+01
1.426613e-04 2.089060e+01
1.426892e-04 1.500314e+01
1.427172e-04 1.191799e+01
1.427452e-04 1.227639e+01
1.427731e-04 1.261631e+01
1.428011e-04 1.321749e+01
1.428291e-04 1.421616e+01
1.428570e-04 1.533631e+01
1.428850e-04 1.618505e+01
1.429129e-04 1.749556e+01
1.429409e-04 1.862696e+01
1.429689e-04 1.774083e+01
1.429968e-04 1.766842e+01
1.430248e-04 1.732151e+01
1.430528e-04 1.678291e+01
1.430807e-04 1.571966e+01
1.431087e-04 1.453679e+01
1.431367e-04 1.460746e+01
1.431646e-04 1.480085e+01
1.431926e-04 1.558500e+01
1.432206e-04 1.643173e+01
1.432485e-04 1.674001e+01
1.432765e-04 1.710693e+01
1.433045e-04 1.718676e+01
1.433324e-04 1.726881e+01
1.433604e-04 1.723925e+01
1.433884e-04 1.727006e+01
1.434164e-04 1.768907e+01
1.434443e-04 1.884072e+01
1.434723e-04 1.943582e+01
1.435003e-04 1.913765e+01
1.435282e-04 2.056347e+01
1.435562e-04 2.070604e+01
1.435842e-04 2.002317e+01
1.436121e-04 1.937435e+01
1.436401e-04 2.016111e+01
1.436681e-04 2.044766e+01
1.436961e-04 2.063820e+01
1.437240e-04 2.196227e+01
1.437520e-04 2.203460e+01
1.437800e-04 2.243128e+01
1.438080e-04 2.318624e+01
1.438359e-04 2.365378e+01
