1.975080e-04 3.086673e-02
1.975531e-04 2.921530e-02
1.975982e-04 2.829259e-02
1.976434e-04 3.224303e-02
1.976885e-04 3.111606e-02
1.977337e-04 3.286105e-02
1.977788e-04 1.678897e-02
1.978240e-04 2.689219e-02
1.978692e-04 3.357864e-02
1.979144e-04 2.712620e-02
1.979595e-04 8.171097e-03
1.980047e-04 2.662249e-02
1.980499e-04 1.855530e-02
1.980951e-04 3.681176e-03
1.981403e-04 3.313251e-02
1.981855e-04 3.278189e-02
1.982308e-04 3.223416e-02
1.982760e-04 3.456601e-02
1.983212e-04 3.763601e-02
1.983664e-04 3.753293e-02
1.984117e-04 3.701749e-02
1.984569e-04 3.836296e-02
1.985022e-04 3.611944e-02
1.985474e-04 3.779760e-02
1.985927e-04 4.130103e-02
1.986380e-04 3.733255e-02
1.986832e-04 3.791872e-02
1.987285e-04 2.387918e-02
1.987738e-04 3.954004e-02
1.988191e-04 1.667991e-02
1.988644e-04 1.430524e-01
1.989097e-04 1.162227e-01
1.989550e-04 4.160175e-02
1.990003e-04 4.195971e-02
1.990456e-04 4.180540e-02
1.990910e-04 2.201624e-02
1.991363e-04 2.748207e-02
1.991816e-04 2.674568e-02
1.992270e-04 3.893128e-02
1.992723e-04 4.355515e-02
1.993177e-04 4.251094e-02
1.993630e-04 4.138870e-02
1.994084e-04 4.201873e-02
1.994538e-04 4.222981e-02
1.994992e-04 4.173478e-02
1.995445e-04 3.382652e-02
1.995899e-04 2.820434e-02
1.996353e-04 4.393772e-02
1.996807e-04 4.536291e-02
1.997261e-04 4.308952e-02
1.997715e-04 4.345908e-02
1.998169e-04 4.356493e-02
1.998624e-04 4.246238e-02
1.999078e-04 4.382881e-02
1.999532e-04 4.053236e-02
1.999987e-04 3.630935e-02
2.000441e-04 3.936772e-02
2.000896e-04 3.651824e-02
2.001350e-04 3.832091e-02
2.001805e-04 3.828809e-02
2.002259e-04 3.502429e-02
2.002714e-04 3.070385e-02
2.003169e-04 2.843219e-02
2.003624e-04 2.671188e-02
2.004078e-04 1.834797e-02
2.004533e-04 7.566239e-03
2.004988e-04 2.279646e-02
2.005443e-04 2.216541e-02
2.005899e-04 1.806059e-02
2.006354e-04 1.545927e-02
2.006809e-04 1.857372e-02
2.007264e-04 1.638133e-02
2.007719e-04 5.307369e-02
2.008175e-04 4.348189e-02
2.008630e-04 1.229063e-02
2.009086e-04 1.311353e-02
2.009541e-04 1.292994e-02
2.009997e-04 1.350593e-02
2.010452e-04 1.280230e-02
2.010908e-04 1.336439e-02
2.011364e-04 1.355197e-02
2.011820e-04 1.534970e-02
2.012275e-04 6.371324e-02
2.012731e-04 6.522414e-02
2.013187e-04 1.482112e-02
2.013643e-04 1.332965e-02
2.014099e-04 1.471000e-02
2.014555e-04 1.465703e-02
2.015011e-04 1.675738e-02
2.015468e-04 1.743092e-02
2.015924e-04 1.753638e-02
2.016380e-04 1.767687e-02
2.016837e-04 1.798657e-02
2.017293e-04 1.867371e-02
2.017750e-04 1.926910e-02
2.018206e-04 2.008042e-02
2.018663e-04 2.010969e-02
2.019119e-04 1.900210e-02
2.019576e-04 2.157357e-02
2.020033e-04 2.277115e-02
2.020489e-04 2.166934e-02
2.020946e-04 2.077587e-02
2.021403e-04 2.173352e-02
2.021860e-04 2.306050e-02
2.022317e-04 2.405646e-02
2.022774e-04 2.477816e-02
2.023231e-04 2.545711e-02
2.023688e-04 2.596570e-02
2.024146e-04 2.697498e-02
2.024603e-04 2.710102e-02
2.025060e-04 2.648827e-02
2.025517e-04 2.638190e-02
2.025975e-04 2.556841e-02
2.026432e-04 2.605694e-02
2.026890e-04 2.785048e-02
2.027347e-04 4.503787e-02
2.027805e-04 5.341116e-02
2.028263e-04 2.715699e-02
2.028720e-04 2.638633e-02
2.029178e-04 2.632245e-02
2.029636e-04 2.604091e-02
2.030094e-04 2.533749e-02
2.030552e-04 2.434970e-02
2.031010e-04 2.336794e-02
2.031468e-04 2.253946e-02
2.031926e-04 2.140494e-02
2.032384e-04 1.958306e-02
2.032842e-04 1.811470e-02
2.033300e-04 1.773278e-02
2.033758e-04 1.763272e-02
2.034217e-04 1.714799e-02
2.034675e-04 1.660859e-02
2.035134e-04 1.577520e-02
2.035592e-04 1.551052e-02
2.036050e-04 1.651780e-02
2.036509e-04 1.858974e-02
2.036968e-04 1.316383e-02
2.037426e-04 1.258467e-02
2.037885e-04 1.255038e-02
2.038344e-04 1.231338e-02
2.038803e-04 1.179949e-02
2.039261e-04 1.130669e-02
2.039720e-04 1.075915e-02
2.040179e-04 1.016052e-02
2.040638e-04 9.532921e-03
2.041097e-04 9.045535e-03
2.041556e-04 8.556545e-03
2.042016e-04 8.243401e-03
2.042475e-04 7.876244e-03
2.042934e-04 7.421175e-03
2.043393e-04 6.740802e-03
2.043853e-04 6.566730e-03
2.044312e-04 6.675858e-03
2.044772e-04 6.555342e-03
2.045231e-04 6.426980e-03
2.045691e-04 6.236586e-03
2.046150e-04 5.990159e-03
2.046610e-04 5.806500e-03
2.047069e-04 5.793677e-03
2.047529e-04 5.775017e-03
2.047989e-04 5.901248e-03
2.048449e-04 6.047847e-03
2.048909e-04 5.915204e-03
2.049369e-04 5.625223e-03
2.049829e-04 5.775313e-03
2.050289e-04 6.135730e-03
2.050749e-04 6.457702e-03
2.051209e-04 6.852195e-03
2.051669e-04 7.291936e-03
2.052129e-04 7.766540e-03
2.052589e-04 8.051749e-03
2.053050e-04 8.088567e-03
2.053510e-04 7.949210e-03
2.053970e-04 7.581917e-03
2.054431e-04 7.585228e-03
2.054891e-04 7.339219e-03
2.055352e-04 7.058062e-03
2.055812e-04 6.915975e-03
2.056273e-04 7.067517e-03
2.056734e-04 7.059058e-03
2.057194e-04 6.935151e-03
2.057655e-04 6.946249e-03
2.058116e-04 6.960117e-03
2.058577e-04 6.864362e-03
2.059038e-04 6.713677e-03
2.059499e-04 6.671376e-03
2.059960e-04 7.186527e-03
2.060421e-04 1.142975e-02
2.060882e-04 7.668992e-03
2.061343e-04 7.151691e-03
2.061804e-04 7.148179e-03
2.062265e-04 7.161800e-03
2.062727e-04 6.989292e-03
2.063188e-04 6.876022e-03
2.063649e-04 7.283493e-03
2.064111e-04 7.468031e-03
2.064572e-04 7.732419e-03
2.065034e-04 1.373431e-02
2.065495e-04 9.153623e-03
2.065957e-04 7.811358e-03
2.066418e-04 7.813326e-03
2.066880e-04 7.975088e-03
2.067342e-04 8.044212e-03
2.067804e-04 8.035366e-03
2.068265e-04 8.083858e-03
2.068727e-04 8.239236e-03
2.069189e-04 8.212886e-03
2.069651e-04 8.194214e-03
2.070113e-04 8.046686e-03
2.070575e-04 8.751203e-03
2.071037e-04 8.672348e-03
2.071499e-04 8.932449e-03
2.071962e-04 9.025727e-03
2.072424e-04 8.990591e-03
2.072886e-04 9.310029e-03
2.073348e-04 9.364571e-03
2.073811e-04 9.187504e-03
2.074273e-04 9.161382e-03
2.074735e-04 9.153752e-03
2.075198e-04 9.176057e-03
2.075660e-04 9.116670e-03
2.076123e-04 9.011199e-03
2.076586e-04 9.001711e-03
2.077048e-04 8.941519e-03
2.077511e-04 8.791030e-03
2.077974e-04 8.915509e-03
2.078436e-04 9.099409e-03
2.078899e-04 9.136077e-03
2.079362e-04 9.082631e-03
2.079825e-04 9.137916e-03
2.080288e-04 9.200950e-03
2.080751e-04 9.202163e-03
2.081214e-04 9.172889e-03
2.081677e-04 9.145337e-03
2.082140e-04 9.221416e-03
2.082603e-04 9.401310e-03
2.083067e-04 9.345186e-03
2.083530e-04 9.359895e-03
2.083993e-04 9.439951e-03
2.084457e-04 9.293489e-03
2.084920e-04 9.482990e-03
2.085383e-04 9.566729e-03
2.085847e-04 9.457817e-03
2.086310e-04 9.453889e-03
2.086774e-04 9.489790e-03
2.087237e-04 9.526425e-03
2.087701e-04 9.703278e-03
2.088165e-04 9.870329e-03
2.088628e-04 9.912165e-03
2.089092e-04 9.964514e-03
2.089556e-04 9.906184e-03
2.090020e-04 9.840550e-03
2.090484e-04 9.766402e-03
2.090948e-04 9.433992e-03
2.091412e-04 9.310392e-03
2.091876e-04 9.380047e-03
2.092340e-04 9.422311e-03
2.092804e-04 9.442771e-03
2.093268e-04 9.534192e-03
2.093732e-04 9.258136e-03
2.094196e-04 8.951209e-03
2.094661e-04 8.912619e-03
2.095125e-04 9.494430e-03
2.095589e-04 9.746865e-03
2.096054e-04 9.890362e-03
2.096518e-04 9.952977e-03
2.096982e-04 9.893581e-03
2.097447e-04 9.792182e-03
2.097911e-04 9.898206e-03
2.098376e-04 9.933607e-03
2.098841e-04 9.841113e-03
2.099305e-04 9.880189e-03
2.099770e-04 9.921458e-03
2.100235e-04 1.014739e-02
2.100700e-04 1.015608e-02
2.101164e-04 1.016644e-02
2.101629e-04 1.016747e-02
2.102094e-04 1.008503e-02
2.102559e-04 1.000962e-02
2.103024e-04 9.989593e-03
2.103489e-04 9.900845e-03
2.103954e-04 9.879458e-03
2.104419e-04 9.804861e-03
2.104884e-04 9.758980e-03
2.105349e-04 9.802335e-03
2.105815e-04 9.919794e-03
2.106280e-04 9.941128e-03
2.106745e-04 1.000999e-02
2.107211e-04 1.011418e-02
2.107676e-04 1.009599e-02
2.108141e-04 1.009207e-02
2.108607e-04 1.010378e-02
2.109072e-04 1.004459e-02
2.109538e-04 1.001366e-02
2.110003e-04 1.000367e-02
2.110469e-04 9.821293e-03
2.110935e-04 9.681355e-03
2.111400e-04 9.595329e-03
2.111866e-04 9.665932e-03
2.112332e-04 9.760665e-03
2.112798e-04 9.789959e-03
2.113263e-04 9.950557e-03
2.113729e-04 1.003221e-02
2.114195e-04 1.018699e-02
2.114661e-04 9.935836e-03
2.115127e-04 1.014453e-02
2.115593e-04 1.002763e-02
2.116059e-04 1.000110e-02
2.116525e-04 9.627685e-03
2.116991e-04 9.532529e-03
2.117458e-04 9.755344e-03
2.117924e-04 9.662862e-03
2.118390e-04 9.699559e-03
2.118856e-04 9.932625e-03
2.119323e-04 9.959569e-03
2.119789e-04 9.762343e-03
2.120255e-04 9.667964e-03
2.120722e-04 9.511184e-03
2.121188e-04 9.910861e-03
2.121655e-04 1.009515e-02
2.122121e-04 1.016661e-02
2.122588e-04 1.017514e-02
2.123054e-04 1.006904e-02
2.123521e-04 1.026836e-02
2.123988e-04 1.000238e-02
2.124455e-04 9.980247e-03
2.124921e-04 1.007149e-02
2.125388e-04 1.006607e-02
2.125855e-04 1.003688e-02
2.126322e-04 1.005548e-02
2.126789e-04 9.950970e-03
2.127256e-04 9.675744e-03
2.127723e-04 9.692857e-03
2.128190e-04 9.931275e-03
2.128657e-04 9.992264e-03
2.129124e-04 9.880234e-03
2.129591e-04 9.928923e-03
2.130058e-04 1.005643e-02
2.130525e-04 1.002513e-02
2.130992e-04 1.001476e-02
2.131460e-04 9.941354e-03
2.131927e-04 9.843768e-03
2.132394e-04 1.000936e-02
2.132862e-04 9.954346e-03
2.133329e-04 9.646441e-03
2.133797e-04 1.010577e-02
2.134264e-04 9.935940e-03
2.134732e-04 9.871141e-03
2.135199e-04 9.601818e-03
2.135667e-04 9.755507e-03
2.136134e-04 9.881933e-03
2.136602e-04 9.778938e-03
2.137070e-04 9.727808e-03
2.137537e-04 9.783395e-03
2.138005e-04 9.798726e-03
2.138473e-04 9.715462e-03
2.138941e-04 9.806180e-03
2.139408e-04 9.728643e-03
2.139876e-04 9.637409e-03
2.140344e-04 9.586828e-03
2.140812e-04 9.520047e-03
2.141280e-04 9.356354e-03
2.141748e-04 9.447059e-03
2.142216e-04 9.515173e-03
2.142684e-04 1.385445e-02
2.143153e-04 9.614128e-03
2.143621e-04 8.915009e-03
2.144089e-04 8.827374e-03
2.144557e-04 8.835639e-03
2.145025e-04 8.845483e-03
2.145494e-04 8.905857e-03
2.145962e-04 8.682669e-03
2.146430e-04 8.710870e-03
2.146899e-04 8.978208e-03
2.147367e-04 8.970844e-03
2.147836e-04 9.121238e-03
2.148304e-04 9.175956e-03
2.148773e-04 9.125499e-03
2.149241e-04 9.266157e-03
2.149710e-04 1.314519e-02
2.150178e-04 9.981878e-03
2.150647e-04 9.109920e-03
2.151116e-04 9.030124e-03
2.151584e-04 8.904771e-03
2.152053e-04 8.819534e-03
2.152522e-04 8.842928e-03
2.152991e-04 8.773697e-03
2.153460e-04 8.580858e-03
2.153928e-04 8.705703e-03
2.154397e-04 8.697138e-03
2.154866e-04 8.502548e-03
2.155335e-04 8.074497e-03
2.155804e-04 7.907237e-03
2.156273e-04 7.862969e-03
2.156742e-04 7.933391e-03
2.157212e-04 8.008518e-03
2.157681e-04 7.880153e-03
2.158150e-04 7.578152e-03
2.158619e-04 7.771337e-03
2.159088e-04 7.791323e-03
2.159558e-04 7.992688e-03
2.160027e-04 7.961225e-03
2.160496e-04 8.051763e-03
2.160965e-04 8.292515e-03
2.161435e-04 9.531168e-03
2.161904e-04 9.441364e-03
2.162374e-04 9.259638e-03
2.162843e-04 9.383471e-03
2.163313e-04 9.664990e-03
2.163782e-04 9.732597e-03
2.164252e-04 9.796338e-03
2.164721e-04 9.988185e-03
2.165191e-04 9.847224e-03
2.165661e-04 9.904818e-03
2.166130e-04 9.946475e-03
2.166600e-04 9.952862e-03
2.167070e-04 9.691396e-03
2.167540e-04 9.530981e-03
2.168009e-04 9.757472e-03
2.168479e-04 9.685556e-03
2.168949e-04 9.603297e-03
2.169419e-04 9.613306e-03
2.169889e-04 9.709197e-03
2.170359e-04 9.728358e-03
2.170829e-04 9.743486e-03
2.171299e-04 9.741542e-03
2.171769e-04 9.625816e-03
2.172239e-04 9.575518e-03
2.172709e-04 9.523295e-03
2.173179e-04 9.667170e-03
2.173649e-04 9.788844e-03
2.174120e-04 9.870103e-03
2.174590e-04 9.755859e-03
2.175060e-04 9.526123e-03
2.175530e-04 9.281401e-03
2.176001e-04 9.013211e-03
2.176471e-04 8.772499e-03
2.176941e-04 8.617456e-03
2.177412e-04 8.674985e-03
2.177882e-04 8.658020e-03
2.178353e-04 8.778024e-03
2.178823e-04 8.900144e-03
2.179294e-04 8.895382e-03
2.179764e-04 8.632274e-03
2.180235e-04 8.626234e-03
2.180705e-04 8.852848e-03
2.181176e-04 8.965859e-03
2.181647e-04 8.840739e-03
2.182117e-04 8.814940e-03
2.182588e-04 8.985097e-03
2.183059e-04 9.026115e-03
2.183529e-04 9.115258e-03
2.184000e-04 9.196766e-03
2.184471e-04 9.265243e-03
2.184942e-04 9.290084e-03
2.185413e-04 9.314884e-03
2.185884e-04 9.218957e-03
2.186355e-04 9.132019e-03
2.186826e-04 9.092317e-03
2.187296e-04 8.851240e-03
2.187768e-04 8.645066e-03
2.188239e-04 8.630299e-03
2.188710e-04 8.744811e-03
2.189181e-04 8.788422e-03
2.189652e-04 8.684641e-03
2.190123e-04 8.451360e-03
2.190594e-04 8.104662e-03
2.191065e-04 8.192118e-03
2.191537e-04 8.263498e-03
2.192008e-04 8.047342e-03
2.192479e-04 8.178706e-03
2.192950e-04 8.178851e-03
2.193422e-04 8.225473e-03
2.193893e-04 8.378300e-03
2.194364e-04 8.442511e-03
2.194836e-04 8.446059e-03
2.195307e-04 8.581175e-03
2.195779e-04 8.688156e-03
2.196250e-04 8.742942e-03
2.196722e-04 8.617026e-03
2.197193e-04 8.561805e-03
2.197665e-04 8.367746e-03
2.198136e-04 8.525321e-03
2.198608e-04 8.944607e-03
2.199080e-04 9.683268e-03
2.199551e-04 8.753176e-03
2.200023e-04 8.590372e-03
2.200495e-04 8.708506e-03
2.200966e-04 8.996423e-03
2.201438e-04 8.708353e-03
2.201910e-04 8.460213e-03
2.202382e-04 8.911242e-03
2.202854e-04 8.947641e-03
2.203325e-04 8.765439e-03
2.203797e-04 8.861441e-03
2.204269e-04 9.003580e-03
2.204741e-04 8.877227e-03
2.205213e-04 8.663875e-03
2.205685e-04 8.732004e-03
2.206157e-04 8.734525e-03
2.206629e-04 8.798571e-03
2.207101e-04 8.802896e-03
2.207573e-04 8.160324e-03
2.208045e-04 8.311818e-03
2.208517e-04 8.076342e-03
2.208990e-04 8.036623e-03
2.209462e-04 8.411206e-03
2.209934e-04 8.553859e-03
2.210406e-04 8.573182e-03
2.210878e-04 8.635199e-03
2.211351e-04 8.543911e-03
2.211823e-04 8.523317e-03
2.212295e-04 8.449804e-03
2.212768e-04 8.332630e-03
2.213240e-04 8.657391e-03
2.213712e-04 8.489445e-03
2.214185e-04 8.316849e-03
2.214657e-04 8.333992e-03
2.215130e-04 8.430571e-03
2.215602e-04 8.494901e-03
2.216075e-04 8.503156e-03
2.216547e-04 8.277538e-03
2.217020e-04 8.321278e-03
2.217492e-04 8.404551e-03
2.217965e-04 8.077850e-03
2.218438e-04 8.076898e-03
2.218910e-04 8.173613e-03
2.219383e-04 7.911191e-03
2.219856e-04 8.223919e-03
2.220328e-04 8.136477e-03
2.220801e-04 8.024812e-03
2.221274e-04 8.254311e-03
2.221747e-04 8.352981e-03
2.222219e-04 8.369770e-03
2.222692e-04 8.388347e-03
2.223165e-04 8.372265e-03
2.223638e-04 8.251984e-03
2.224111e-04 8.170531e-03
2.224584e-04 8.091875e-03
2.225057e-04 7.986932e-03
2.225530e-04 8.005183e-03
2.226002e-04 8.095144e-03
2.226475e-04 7.968052e-03
2.226948e-04 7.907984e-03
2.227422e-04 8.142707e-03
2.227895e-04 7.900929e-03
2.228368e-04 8.004341e-03
2.228841e-04 7.938563e-03
2.229314e-04 7.775374e-03
2.229787e-04 7.837563e-03
2.230260e-04 7.962807e-03
2.230733e-04 7.954510e-03
2.231207e-04 7.999372e-03
2.231680e-04 8.067913e-03
2.232153e-04 8.022500e-03
2.232626e-04 8.004713e-03
2.233100e-04 7.989630e-03
2.233573e-04 1.446245e-02
2.234046e-04 1.558417e-02
2.234520e-04 9.816804e-03
2.234993e-04 7.976917e-03
2.235466e-04 7.955784e-03
2.235940e-04 7.918825e-03
2.236413e-04 7.862030e-03
2.236887e-04 7.628938e-03
2.237360e-04 7.856438e-03
2.237833e-04 7.901812e-03
2.238307e-04 7.822362e-03
2.238780e-04 7.774446e-03
2.239254e-04 7.650186e-03
2.239728e-04 7.616663e-03
2.240201e-04 7.744757e-03
2.240675e-04 7.859160e-03
2.241148e-04 7.933880e-03
2.241622e-04 8.001384e-03
2.242096e-04 7.976507e-03
2.242569e-04 7.910697e-03
2.243043e-04 7.971589e-03
2.243517e-04 7.950349e-03
2.243991e-04 7.996586e-03
2.244464e-04 7.781677e-03
2.244938e-04 7.801735e-03
2.245412e-04 7.853245e-03
2.245886e-04 7.894953e-03
2.246359e-04 7.879783e-03
2.246833e-04 7.792038e-03
2.247307e-04 7.796422e-03
2.247781e-04 7.789182e-03
2.248255e-04 7.708416e-03
2.248729e-04 7.690804e-03
2.249203e-04 7.682314e-03
2.249677e-04 7.699322e-03
2.250151e-04 7.680983e-03
2.250625e-04 7.700989e-03
2.251099e-04 7.776286e-03
2.251573e-04 7.813865e-03
2.252047e-04 7.826352e-03
2.252521e-04 1.216212e-02
2.252995e-04 1.352178e-02
2.253469e-04 7.613807e-03
2.253943e-04 7.485193e-03
2.254417e-04 7.456864e-03
2.254891e-04 7.370452e-03
2.255366e-04 7.519591e-03
2.255840e-04 7.608008e-03
2.256314e-04 7.621612e-03
2.256788e-04 7.621349e-03
2.257262e-04 7.421669e-03
2.257737e-04 7.545024e-03
2.258211e-04 7.590061e-03
2.258685e-04 7.646536e-03
2.259160e-04 7.149648e-03
2.259634e-04 7.738372e-03
2.260108e-04 7.572738e-03
2.260583e-04 7.473264e-03
2.261057e-04 7.385976e-03
2.261531e-04 7.092324e-03
2.262006e-04 7.106419e-03
2.262480e-04 7.316540e-03
2.262954e-04 7.466959e-03
2.263429e-04 7.559036e-03
2.263903e-04 7.427809e-03
2.264378e-04 7.468380e-03
2.264852e-04 7.563591e-03
2.265327e-04 7.450356e-03
2.265801e-04 7.635635e-03
2.266276e-04 7.588639e-03
2.266751e-04 7.530094e-03
2.267225e-04 7.593496e-03
2.267700e-04 7.453766e-03
2.268174e-04 7.425206e-03
2.268649e-04 7.179353e-03
2.269124e-04 7.146224e-03
2.269598e-04 7.214740e-03
2.270073e-04 7.113160e-03
2.270548e-04 7.272280e-03
2.271022e-04 7.499290e-03
2.271497e-04 7.575935e-03
2.271972e-04 7.656540e-03
2.272446e-04 7.568803e-03
2.272921e-04 7.472723e-03
2.273396e-04 7.175446e-03
2.273871e-04 7.214368e-03
2.274345e-04 7.317364e-03
2.274820e-04 7.269015e-03
2.275295e-04 7.162482e-03
2.275770e-04 6.914314e-03
2.276245e-04 6.784425e-03
2.276720e-04 6.581836e-03
2.277195e-04 7.094462e-03
2.277669e-04 7.165585e-03
2.278144e-04 7.142307e-03
2.278619e-04 7.115766e-03
2.279094e-04 7.388382e-03
2.279569e-04 7.502377e-03
2.280044e-04 7.337843e-03
2.280519e-04 7.316918e-03
2.280994e-04 7.212463e-03
2.281469e-04 7.092128e-03
2.281944e-04 7.049421e-03
2.282419e-04 6.959926e-03
2.282894e-04 6.855993e-03
2.283369e-04 6.701668e-03
2.283844e-04 6.889221e-03
2.284319e-04 6.866987e-03
2.284794e-04 6.973029e-03
2.285270e-04 6.917128e-03
2.285745e-04 6.950388e-03
2.286220e-04 6.891282e-03
2.286695e-04 6.744341e-03
2.287170e-04 6.713705e-03
2.287645e-04 6.617876e-03
2.288120e-04 6.477813e-03
2.288596e-04 6.586375e-03
2.289071e-04 6.365400e-03
2.289546e-04 6.692530e-03
2.290021e-04 6.674193e-03
2.290497e-04 6.707914e-03
2.290972e-04 6.712369e-03
2.291447e-04 6.538705e-03
2.291922e-04 6.476226e-03
2.292398e-04 6.468722e-03
2.292873e-04 6.359276e-03
2.293348e-04 6.560359e-03
2.293824e-04 6.285089e-03
2.294299e-04 6.158095e-03
2.294774e-04 6.483249e-03
2.295250e-04 6.576995e-03
2.295725e-04 6.532097e-03
2.296200e-04 6.499059e-03
2.296676e-04 6.390720e-03
2.297151e-04 6.482056e-03
2.297627e-04 6.401617e-03
2.298102e-04 6.317487e-03
2.298577e-04 6.501343e-03
2.299053e-04 6.513124e-03
2.299528e-04 6.530317e-03
2.300004e-04 6.574513e-03
2.300479e-04 6.682001e-03
2.300955e-04 6.654275e-03
2.301430e-04 6.576922e-03
2.301906e-04 6.441802e-03
2.302381e-04 6.357439e-03
2.302857e-04 6.529211e-03
2.303332e-04 6.443039e-03
2.303808e-04 6.800234e-03
2.304284e-04 6.925990e-03
2.304759e-04 6.866278e-03
2.305235e-04 6.979819e-03
2.305710e-04 6.866312e-03
2.306186e-04 6.931675e-03
2.306662e-04 7.008058e-03
2.307137e-04 6.944975e-03
2.307613e-04 6.802036e-03
2.308088e-04 6.626185e-03
2.308564e-04 6.230205e-03
2.309040e-04 5.824891e-03
2.309515e-04 5.499526e-03
2.309991e-04 5.241800e-03
2.310467e-04 5.162089e-03
2.310942e-04 5.307264e-03
2.311418e-04 5.409671e-03
2.311894e-04 5.687393e-03
2.312370e-04 5.961692e-03
2.312845e-04 6.030672e-03
2.313321e-04 5.904600e-03
2.313797e-04 5.913685e-03
2.314273e-04 5.876518e-03
2.314748e-04 5.560902e-03
2.315224e-04 5.545831e-03
2.315700e-04 5.687056e-03
2.316176e-04 5.809545e-03
2.316652e-04 6.023844e-03
2.317127e-04 6.095866e-03
2.317603e-04 6.190289e-03
2.318079e-04 6.223741e-03
2.318555e-04 6.182295e-03
2.319031e-04 6.218559e-03
2.319507e-04 6.288501e-03
2.319982e-04 6.194403e-03
2.320458e-04 6.294888e-03
2.320934e-04 6.275340e-03
2.321410e-04 6.137049e-03
2.321886e-04 6.032075e-03
2.322362e-04 6.127432e-03
2.322838e-04 5.924315e-03
2.323314e-04 5.936318e-03
2.323789e-04 5.982271e-03
2.324265e-04 5.886623e-03
2.324741e-04 5.842385e-03
2.325217e-04 5.887718e-03
2.325693e-04 5.832088e-03
2.326169e-04 5.914067e-03
2.326645e-04 5.838615e-03
2.327121e-04 5.745144e-03
2.327597e-04 5.613449e-03
2.328073e-04 5.649349e-03
2.328549e-04 5.631407e-03
2.329025e-04 5.659327e-03
2.329501e-04 5.552105e-03
2.329977e-04 5.378724e-03
2.330453e-04 5.252558e-03
2.330929e-04 5.056176e-03
2.331405e-04 4.880371e-03
2.331881e-04 4.639949e-03
2.332357e-04 4.425893e-03
2.332833e-04 4.289468e-03
2.333309e-04 4.308059e-03
2.333785e-04 4.220823e-03
2.334261e-04 4.124199e-03
2.334737e-04 4.171100e-03
2.335213e-04 4.275590e-03
2.335690e-04 4.370003e-03
2.336166e-04 4.320315e-03
2.336642e-04 4.126173e-03
2.337118e-04 4.157463e-03
2.337594e-04 4.138401e-03
2.338070e-04 4.134598e-03
2.338546e-04 3.989079e-03
2.339022e-04 3.811084e-03
2.339498e-04 3.773575e-03
2.339974e-04 3.873980e-03
2.340451e-04 3.741285e-03
2.340927e-04 3.676006e-03
2.341403e-04 3.600797e-03
2.341879e-04 3.547195e-03
2.342355e-04 3.471737e-03
2.342831e-04 3.334867e-03
2.343307e-04 3.247000e-03
2.343784e-04 2.892169e-03
2.344260e-04 2.398299e-03
2.344736e-04 2.829002e-03
2.345212e-04 2.896246e-03
2.345688e-04 5.835391e-03
2.346164e-04 4.809017e-03
2.346641e-04 2.984934e-03
2.347117e-04 3.391539e-03
2.347593e-04 3.423989e-03
2.348069e-04 3.257820e-03
2.348545e-04 3.261033e-03
2.349022e-04 3.273874e-03
2.349498e-04 2.851003e-03
2.349974e-04 2.971636e-03
2.350450e-04 3.146458e-03
2.350926e-04 2.973091e-03
2.351403e-04 3.213073e-03
2.351879e-04 3.165964e-03
2.352355e-04 2.857515e-03
2.352831e-04 3.774301e-03
2.353307e-04 3.671768e-03
2.353784e-04 3.947447e-03
2.354260e-04 3.890398e-03
2.354736e-04 3.827056e-03
2.355212e-04 3.997030e-03
2.355689e-04 3.921028e-03
2.356165e-04 4.005129e-03
2.356641e-04 4.095797e-03
2.357117e-04 4.026249e-03
2.357594e-04 4.036972e-03
2.358070e-04 4.094392e-03
2.358546e-04 3.390385e-03
2.359022e-04 4.022869e-03
2.359499e-04 3.938918e-03
2.359975e-04 2.341314e-03
2.360451e-04 4.174631e-03
2.360927e-04 4.449586e-03
2.361404e-04 3.802268e-03
2.361880e-04 4.094913e-03
2.362356e-04 5.053901e-03
2.362833e-04 5.131504e-03
2.363309e-04 5.248465e-03
2.363785e-04 8.226523e-03
2.364261e-04 6.699673e-03
2.364738e-04 5.191113e-03
2.365214e-04 5.673914e-03
2.365690e-04 6.339665e-03
2.366166e-04 6.676553e-03
2.366643e-04 6.184246e-03
2.367119e-04 6.807153e-03
2.367595e-04 6.897102e-03
2.368072e-04 7.105095e-03
2.368548e-04 7.433951e-03
2.369024e-04 7.644784e-03
2.369500e-04 7.607468e-03
2.369977e-04 6.748985e-03
2.370453e-04 6.945728e-03
2.370929e-04 2.970463e-03
2.371406e-04 4.625687e-03
2.371882e-04 9.377902e-03
2.372358e-04 1.072787e-02
2.372834e-04 8.157394e-02
2.373311e-04 4.675442e-02
2.373787e-04 9.214180e-03
2.374263e-04 1.075727e-02
2.374740e-04 1.153389e-02
2.375216e-04 1.186258e-02
2.375692e-04 9.084694e-03
2.376168e-04 5.460181e-03
2.376645e-04 1.310508e-02
2.377121e-04 1.372465e-02
2.377597e-04 1.381224e-02
2.378074e-04 1.536955e-02
2.378550e-04 7.108564e-03
2.379026e-04 1.301834e-02
2.379502e-04 1.796222e-02
2.379979e-04 1.905682e-02
2.380455e-04 2.032314e-02
2.380931e-04 1.810430e-02
2.381408e-04 1.892339e-02
2.381884e-04 2.053378e-02
2.382360e-04 2.215544e-02
2.382836e-04 2.188567e-02
2.383313e-04 2.203135e-02
2.383789e-04 2.250435e-02
2.384265e-04 2.533156e-02
2.384741e-04 5.971146e-03
2.385218e-04 2.251640e-02
2.385694e-04 2.826885e-02
2.386170e-04 2.725605e-02
2.386647e-04 2.776397e-02
2.387123e-04 2.156924e-02
2.387599e-04 2.294387e-02
2.388075e-04 7.389675e-03
2.388552e-04 3.557908e-02
2.389028e-04 3.567405e-02
2.389504e-04 3.231039e-02
2.389980e-04 3.681406e-02
2.390457e-04 3.540650e-02
2.390933e-04 3.761762e-02
2.391409e-04 3.871603e-02
2.391885e-04 4.095362e-02
2.392361e-04 3.229876e-02
2.392838e-04 4.471600e-02
2.393314e-04 4.202587e-02
2.393790e-04 4.507535e-02
2.394266e-04 4.370325e-02
2.394743e-04 2.912290e-02
2.395219e-04 2.363267e-02
2.395695e-04 3.817204e-02
2.396171e-04 8.133689e-02
