1.027909e-04 5.511706e-03
1.028121e-04 5.559767e-03
1.028334e-04 5.602006e-03
1.028547e-04 5.602023e-03
1.028760e-04 5.569405e-03
1.028972e-04 5.619161e-03
1.029185e-04 5.608100e-03
1.029398e-04 5.599684e-03
1.029611e-04 5.585018e-03
1.029824e-04 5.552369e-03
1.030037e-04 5.622059e-03
1.030251e-04 5.648788e-03
1.030464e-04 5.709581e-03
1.030677e-04 5.704715e-03
1.030890e-04 5.738635e-03
1.031104e-04 5.708732e-03
1.031317e-04 5.697893e-03
1.031530e-04 5.772952e-03
1.031744e-04 5.715399e-03
1.031957e-04 5.768140e-03
1.032171e-04 5.744352e-03
1.032385e-04 5.734567e-03
1.032598e-04 5.721991e-03
1.032812e-04 5.745144e-03
1.033026e-04 5.757109e-03
1.033239e-04 5.768232e-03
1.033453e-04 5.759416e-03
1.033667e-04 5.724007e-03
1.033881e-04 5.621083e-03
1.034095e-04 5.779791e-03
1.034309e-04 5.844989e-03
1.034523e-04 5.759945e-03
1.034737e-04 5.704252e-03
1.034951e-04 5.921231e-03
1.035165e-04 5.990897e-03
1.035380e-04 6.091868e-03
1.035594e-04 6.783058e-03
1.035808e-04 5.940082e-03
1.036023e-04 5.865570e-03
1.036237e-04 5.903372e-03
1.036451e-04 5.900201e-03
1.036666e-04 5.902548e-03
1.036881e-04 5.840959e-03
1.037095e-04 5.760559e-03
1.037310e-04 5.773532e-03
1.037524e-04 5.924467e-03
1.037739e-04 7.689078e-03
1.037954e-04 5.709313e-03
1.038169e-04 5.699301e-03
1.038384e-04 5.678161e-03
1.038598e-04 5.688573e-03
1.038813e-04 5.727427e-03
1.039028e-04 5.791221e-03
1.039243e-04 5.847640e-03
1.039458e-04 5.908963e-03
1.039674e-04 5.916978e-03
1.039889e-04 5.975603e-03
1.040104e-04 5.983629e-03
1.040319e-04 5.982924e-03
1.040534e-04 6.022474e-03
1.040750e-04 5.858324e-03
1.040965e-04 5.937998e-03
1.041181e-04 5.934792e-03
1.041396e-04 5.966788e-03
1.041611e-04 5.840064e-03
1.041827e-04 5.848121e-03
1.042043e-04 5.828307e-03
1.042258e-04 5.850554e-03
1.042474e-04 5.812384e-03
1.042690e-04 5.804758e-03
1.042905e-04 5.790574e-03
1.043121e-04 5.764528e-03
1.043337e-04 5.847904e-03
1.043553e-04 5.834326e-03
1.043769e-04 5.828519e-03
1.043985e-04 5.808689e-03
1.044201e-04 5.775897e-03
1.044417e-04 5.812461e-03
1.044633e-04 5.936374e-03
1.044849e-04 8.442359e-03
1.045065e-04 6.279221e-03
1.045281e-04 5.799396e-03
1.045498e-04 5.828429e-03
1.045714e-04 5.887329e-03
1.045930e-04 5.983747e-03
1.046147e-04 5.983480e-03
1.046363e-04 5.973312e-03
1.046580e-04 5.990765e-03
1.046796e-04 5.986269e-03
1.047013e-04 5.904112e-03
1.047229e-04 5.876765e-03
1.047446e-04 5.874754e-03
1.047662e-04 5.910449e-03
1.047879e-04 5.790448e-03
1.048096e-04 5.851615e-03
1.048313e-04 5.823504e-03
1.048529e-04 5.866588e-03
1.048746e-04 5.920906e-03
1.048963e-04 6.814117e-03
1.049180e-04 6.328794e-03
1.049397e-04 5.919019e-03
1.049614e-04 5.892136e-03
1.049831e-04 5.959704e-03
1.050048e-04 5.970886e-03
1.050266e-04 5.928174e-03
1.050483e-04 5.898088e-03
1.050700e-04 5.905418e-03
1.050917e-04 5.818675e-03
1.051135e-04 5.858114e-03
1.051352e-04 5.825488e-03
1.051569e-04 5.799001e-03
1.051787e-04 5.824084e-03
1.052004e-04 5.797863e-03
1.052222e-04 5.789349e-03
1.052439e-04 5.693744e-03
1.052657e-04 5.715162e-03
1.052874e-04 5.791902e-03
1.053092e-04 5.743785e-03
1.053310e-04 5.737506e-03
1.053528e-04 5.742496e-03
1.053745e-04 5.735637e-03
1.053963e-04 5.763731e-03
1.054181e-04 5.783517e-03
1.054399e-04 5.741175e-03
1.054617e-04 5.822194e-03
1.054835e-04 5.820023e-03
1.055053e-04 5.785385e-03
1.055271e-04 5.843475e-03
1.055489e-04 5.882396e-03
1.055707e-04 5.855340e-03
1.055925e-04 5.871252e-03
1.056143e-04 5.895125e-03
1.056362e-04 5.908520e-03
1.056580e-04 5.917450e-03
1.056798e-04 5.886215e-03
1.057017e-04 5.863056e-03
1.057235e-04 5.821505e-03
1.057454e-04 5.773367e-03
1.057672e-04 5.787438e-03
1.057890e-04 5.796552e-03
1.058109e-04 5.766390e-03
1.058328e-04 5.743492e-03
1.058546e-04 5.790298e-03
1.058765e-04 5.801107e-03
1.058984e-04 5.795911e-03
1.059202e-04 5.839838e-03
1.059421e-04 5.860301e-03
1.059640e-04 5.831036e-03
1.059859e-04 5.794773e-03
1.060078e-04 5.862982e-03
1.060297e-04 6.525152e-03
1.060516e-04 6.966541e-03
1.060735e-04 5.963980e-03
1.060954e-04 5.931159e-03
1.061173e-04 5.933523e-03
1.061392e-04 5.963901e-03
1.061611e-04 5.865585e-03
1.061830e-04 5.978319e-03
1.062049e-04 6.004174e-03
1.062268e-04 5.959792e-03
1.062488e-04 6.477087e-03
1.062707e-04 7.740534e-03
1.062926e-04 5.865704e-03
1.063146e-04 5.849232e-03
1.063365e-04 5.911023e-03
1.063585e-04 5.922105e-03
1.063804e-04 5.932399e-03
1.064024e-04 5.933689e-03
1.064243e-04 5.951537e-03
1.064463e-04 5.952379e-03
1.064683e-04 5.983080e-03
1.064902e-04 5.976951e-03
1.065122e-04 5.928859e-03
1.065342e-04 6.156040e-03
1.065562e-04 6.076405e-03
1.065781e-04 5.979091e-03
1.066001e-04 5.925565e-03
1.066221e-04 5.813382e-03
1.066441e-04 6.061347e-03
1.066661e-04 6.026821e-03
1.066881e-04 6.035422e-03
1.067101e-04 6.091906e-03
1.067321e-04 6.058294e-03
1.067541e-04 5.991235e-03
1.067761e-04 5.925047e-03
1.067981e-04 5.887793e-03
1.068202e-04 5.982169e-03
1.068422e-04 5.965422e-03
1.068642e-04 5.903667e-03
1.068862e-04 5.954194e-03
1.069083e-04 5.993247e-03
1.069303e-04 6.021262e-03
1.069524e-04 5.961864e-03
1.069744e-04 5.997194e-03
1.069965e-04 5.839108e-03
1.070185e-04 5.971293e-03
1.070406e-04 5.902552e-03
1.070626e-04 5.920845e-03
1.070847e-04 5.951961e-03
1.071067e-04 5.980575e-03
1.071288e-04 5.930164e-03
1.071509e-04 5.901588e-03
1.071730e-04 5.889679e-03
1.071950e-04 5.778978e-03
1.072171e-04 5.856202e-03
1.072392e-04 5.858491e-03
1.072613e-04 5.908047e-03
1.072834e-04 5.939271e-03
1.073055e-04 5.920499e-03
1.073276e-04 5.823759e-03
1.073497e-04 5.825190e-03
1.073718e-04 5.794917e-03
1.073939e-04 5.755706e-03
1.074160e-04 5.740045e-03
1.074381e-04 5.802740e-03
1.074602e-04 5.814109e-03
1.074824e-04 5.829056e-03
1.075045e-04 5.795058e-03
1.075266e-04 5.870106e-03
1.075487e-04 5.824495e-03
1.075709e-04 5.768472e-03
1.075930e-04 5.784201e-03
1.076151e-04 5.775077e-03
1.076373e-04 5.723556e-03
1.076594e-04 5.578991e-03
1.076816e-04 5.549824e-03
1.077037e-04 5.757296e-03
1.077259e-04 5.820782e-03
1.077481e-04 5.791152e-03
1.077702e-04 5.820101e-03
1.077924e-04 5.806843e-03
1.078146e-04 5.754461e-03
1.078367e-04 5.813569e-03
1.078589e-04 5.785893e-03
1.078811e-04 5.814392e-03
1.079033e-04 5.714653e-03
1.079254e-04 5.758978e-03
1.079476e-04 5.702436e-03
1.079698e-04 5.740686e-03
1.079920e-04 5.754348e-03
1.080142e-04 5.762427e-03
1.080364e-04 5.757696e-03
1.080586e-04 5.785131e-03
1.080808e-04 5.771644e-03
1.081030e-04 5.808780e-03
1.081252e-04 5.843994e-03
1.081475e-04 5.903129e-03
1.081697e-04 5.866440e-03
1.081919e-04 5.867361e-03
1.082141e-04 5.873803e-03
1.082363e-04 5.807622e-03
1.082586e-04 5.769117e-03
1.082808e-04 5.771060e-03
1.083030e-04 5.815661e-03
1.083253e-04 5.866228e-03
1.083475e-04 5.888790e-03
1.083698e-04 5.920339e-03
1.083920e-04 5.928658e-03
1.084143e-04 5.886703e-03
1.084365e-04 5.977516e-03
1.084588e-04 5.914210e-03
1.084810e-04 5.845833e-03
1.085033e-04 5.861139e-03
1.085256e-04 5.731512e-03
1.085478e-04 5.679873e-03
1.085701e-04 5.796103e-03
1.085924e-04 5.890880e-03
1.086147e-04 5.841116e-03
1.086370e-04 5.877262e-03
1.086592e-04 5.952848e-03
1.086815e-04 5.958634e-03
1.087038e-04 5.948345e-03
1.087261e-04 5.906973e-03
1.087484e-04 6.004248e-03
1.087707e-04 6.030653e-03
1.087930e-04 5.953595e-03
1.088153e-04 5.874660e-03
1.088376e-04 5.903531e-03
1.088599e-04 5.902288e-03
1.088822e-04 5.854093e-03
1.089045e-04 5.851215e-03
1.089269e-04 5.860395e-03
1.089492e-04 5.783186e-03
1.089715e-04 5.715902e-03
1.089938e-04 5.726694e-03
1.090162e-04 5.710022e-03
1.090385e-04 5.781418e-03
1.090608e-04 5.744213e-03
1.090832e-04 5.627851e-03
1.091055e-04 5.634936e-03
1.091279e-04 5.542778e-03
1.091502e-04 5.469619e-03
1.091725e-04 5.274748e-03
1.091949e-04 5.083746e-03
1.092173e-04 4.979991e-03
1.092396e-04 4.956834e-03
1.092620e-04 5.033654e-03
1.092843e-04 4.975193e-03
1.093067e-04 4.842700e-03
1.093291e-04 4.753747e-03
1.093514e-04 4.776932e-03
1.093738e-04 4.867633e-03
1.093962e-04 4.931565e-03
1.094186e-04 4.977607e-03
1.094409e-04 5.070841e-03
1.094633e-04 5.173357e-03
1.094857e-04 5.192140e-03
1.095081e-04 5.113382e-03
1.095305e-04 5.128636e-03
1.095529e-04 5.289020e-03
1.095753e-04 5.422405e-03
1.095977e-04 5.473856e-03
1.096201e-04 5.582770e-03
1.096425e-04 5.592831e-03
1.096649e-04 5.517382e-03
1.096873e-04 5.395913e-03
1.097097e-04 5.318366e-03
1.097321e-04 5.340375e-03
1.097545e-04 5.400379e-03
1.097770e-04 5.459460e-03
1.097994e-04 5.459945e-03
1.098218e-04 5.407721e-03
1.098442e-04 5.361915e-03
1.098667e-04 5.282703e-03
1.098891e-04 5.182906e-03
1.099115e-04 5.154633e-03
1.099340e-04 5.274440e-03
1.099564e-04 5.989064e-03
1.099789e-04 6.273844e-03
1.100013e-04 5.231822e-03
1.100238e-04 5.193175e-03
1.100462e-04 5.248037e-03
1.100687e-04 5.312923e-03
1.100911e-04 5.274821e-03
1.101136e-04 5.146087e-03
1.101360e-04 4.932688e-03
1.101585e-04 5.034841e-03
1.101810e-04 5.007961e-03
1.102034e-04 5.016562e-03
1.102259e-04 5.090364e-03
1.102484e-04 5.120588e-03
1.102708e-04 5.190333e-03
1.102933e-04 5.815176e-03
1.103158e-04 6.290786e-03
1.103383e-04 5.044662e-03
1.103608e-04 4.959536e-03
1.103833e-04 4.976242e-03
1.104057e-04 5.039175e-03
1.104282e-04 5.048669e-03
1.104507e-04 5.096636e-03
1.104732e-04 4.963447e-03
1.104957e-04 4.812374e-03
1.105182e-04 4.715370e-03
1.105407e-04 4.605647e-03
1.105632e-04 4.560593e-03
1.105857e-04 4.628846e-03
1.106082e-04 4.871270e-03
1.106308e-04 5.030461e-03
1.106533e-04 5.049325e-03
1.106758e-04 4.999665e-03
1.106983e-04 4.722042e-03
1.107208e-04 4.618174e-03
1.107434e-04 4.463137e-03
1.107659e-04 4.402860e-03
1.107884e-04 4.498213e-03
1.108109e-04 4.552873e-03
1.108335e-04 4.588749e-03
1.108560e-04 4.726474e-03
1.108785e-04 5.124055e-03
1.109011e-04 4.739425e-03
1.109236e-04 4.775684e-03
1.109462e-04 4.697323e-03
1.109687e-04 4.539768e-03
1.109913e-04 4.330480e-03
1.110138e-04 4.254839e-03
1.110364e-04 4.198975e-03
1.110589e-04 4.161963e-03
1.110815e-04 4.280214e-03
1.111040e-04 4.419616e-03
1.111266e-04 4.521521e-03
1.111492e-04 4.379025e-03
1.111717e-04 4.337162e-03
1.111943e-04 4.171454e-03
1.112169e-04 3.855780e-03
1.112394e-04 3.546081e-03
1.112620e-04 3.415210e-03
1.112846e-04 3.448857e-03
1.113072e-04 3.518714e-03
1.113298e-04 3.783663e-03
1.113523e-04 3.970586e-03
1.113749e-04 4.129620e-03
1.113975e-04 3.965692e-03
1.114201e-04 3.656218e-03
1.114427e-04 3.397540e-03
1.114653e-04 3.279384e-03
1.114879e-04 3.324969e-03
1.115105e-04 3.368916e-03
1.115331e-04 3.189222e-03
1.115557e-04 2.863789e-03
1.115783e-04 2.631566e-03
1.116009e-04 2.508669e-03
1.116235e-04 2.592502e-03
1.116461e-04 2.711167e-03
1.116687e-04 2.984170e-03
1.116913e-04 3.258793e-03
1.117139e-04 3.416645e-03
1.117366e-04 3.348584e-03
1.117592e-04 3.126534e-03
1.117818e-04 3.109747e-03
1.118044e-04 2.949081e-03
1.118270e-04 2.718261e-03
1.118497e-04 2.536252e-03
1.118723e-04 2.708682e-03
1.118949e-04 2.800547e-03
1.119176e-04 2.797448e-03
1.119402e-04 2.752424e-03
1.119628e-04 2.775171e-03
1.119855e-04 2.940711e-03
1.120081e-04 3.158957e-03
1.120308e-04 3.214750e-03
1.120534e-04 3.090653e-03
1.120760e-04 2.947345e-03
1.120987e-04 2.747437e-03
1.121213e-04 2.535597e-03
1.121440e-04 2.307786e-03
1.121667e-04 2.202710e-03
1.121893e-04 2.249885e-03
1.122120e-04 2.433475e-03
1.122346e-04 2.723184e-03
1.122573e-04 2.785708e-03
1.122799e-04 2.759607e-03
1.123026e-04 2.800877e-03
1.123253e-04 2.833997e-03
1.123479e-04 2.987946e-03
1.123706e-04 3.127080e-03
1.123933e-04 3.170565e-03
1.124160e-04 3.012063e-03
1.124386e-04 2.704919e-03
1.124613e-04 2.444421e-03
1.124840e-04 2.187951e-03
1.125067e-04 2.269182e-03
1.125294e-04 2.325041e-03
1.125520e-04 2.460149e-03
1.125747e-04 2.645249e-03
1.125974e-04 2.819294e-03
1.126201e-04 2.926427e-03
1.126428e-04 2.869543e-03
1.126655e-04 2.977545e-03
1.126882e-04 2.666908e-03
1.127109e-04 2.471608e-03
1.127336e-04 2.416073e-03
1.127563e-04 2.572469e-03
1.127790e-04 2.580284e-03
1.128017e-04 2.440074e-03
1.128244e-04 2.433116e-03
1.128471e-04 2.485582e-03
1.128698e-04 2.366685e-03
1.128925e-04 2.326635e-03
1.129152e-04 2.299864e-03
1.129379e-04 2.415439e-03
1.129606e-04 2.643616e-03
1.129834e-04 2.898420e-03
1.130061e-04 3.218667e-03
1.130288e-04 3.445843e-03
1.130515e-04 3.571326e-03
1.130742e-04 3.560759e-03
1.130970e-04 3.538839e-03
1.131197e-04 3.475750e-03
1.131424e-04 3.316791e-03
1.131651e-04 3.177262e-03
1.131879e-04 3.117818e-03
1.132106e-04 2.986199e-03
1.132333e-04 2.807356e-03
1.132561e-04 2.573806e-03
1.132788e-04 2.337538e-03
1.133015e-04 2.221165e-03
1.133243e-04 2.033290e-03
1.133470e-04 2.039710e-03
1.133698e-04 1.974815e-03
1.133925e-04 1.838284e-03
1.134153e-04 1.801496e-03
1.134380e-04 1.918530e-03
1.134607e-04 2.105387e-03
1.134835e-04 2.288849e-03
1.135062e-04 2.354692e-03
1.135290e-04 2.415921e-03
1.135518e-04 2.597709e-03
1.135745e-04 2.800942e-03
1.135973e-04 3.032016e-03
1.136200e-04 3.318890e-03
1.136428e-04 3.384339e-03
1.136655e-04 3.398357e-03
1.136883e-04 3.365138e-03
1.137111e-04 3.238247e-03
1.137338e-04 3.247694e-03
1.137566e-04 3.194423e-03
1.137794e-04 3.167571e-03
1.138021e-04 3.290064e-03
1.138249e-04 3.509751e-03
1.138477e-04 3.725030e-03
1.138705e-04 3.751368e-03
1.138932e-04 3.588988e-03
1.139160e-04 3.426459e-03
1.139388e-04 3.353989e-03
1.139616e-04 3.361909e-03
1.139843e-04 3.296835e-03
1.140071e-04 3.155945e-03
1.140299e-04 3.106266e-03
1.140527e-04 3.059209e-03
1.140755e-04 3.073752e-03
1.140983e-04 3.194483e-03
1.141211e-04 3.236826e-03
1.141438e-04 3.297636e-03
1.141666e-04 3.432781e-03
1.141894e-04 3.511241e-03
1.142122e-04 3.592302e-03
1.142350e-04 3.687934e-03
1.142578e-04 3.675901e-03
1.142806e-04 3.502440e-03
1.143034e-04 3.267525e-03
1.143262e-04 2.925815e-03
1.143490e-04 2.962488e-03
1.143718e-04 3.809090e-03
1.143946e-04 2.656430e-03
1.144174e-04 2.723503e-03
1.144402e-04 2.738993e-03
1.144630e-04 2.714992e-03
1.144858e-04 2.740111e-03
1.145086e-04 2.751326e-03
1.145314e-04 2.833570e-03
1.145543e-04 2.758458e-03
1.145771e-04 2.647122e-03
1.145999e-04 2.576750e-03
1.146227e-04 2.454880e-03
1.146455e-04 2.443524e-03
1.146683e-04 2.507131e-03
1.146911e-04 2.728075e-03
1.147140e-04 3.101669e-03
1.147368e-04 3.414741e-03
1.147596e-04 3.581897e-03
1.147824e-04 3.518488e-03
1.148052e-04 3.435260e-03
1.148281e-04 3.325749e-03
1.148509e-04 3.225090e-03
1.148737e-04 3.056085e-03
1.148965e-04 2.947315e-03
1.149194e-04 2.828595e-03
1.149422e-04 2.872827e-03
1.149650e-04 3.021078e-03
1.149879e-04 3.189482e-03
1.150107e-04 3.282547e-03
1.150335e-04 3.378303e-03
1.150564e-04 3.353254e-03
1.150792e-04 3.320904e-03
1.151020e-04 3.333334e-03
1.151249e-04 3.264310e-03
1.151477e-04 3.119370e-03
1.151706e-04 3.022191e-03
1.151934e-04 3.035302e-03
1.152162e-04 3.147486e-03
1.152391e-04 3.316768e-03
1.152619e-04 6.016866e-03
1.152848e-04 3.528521e-03
1.153076e-04 3.131283e-03
1.153305e-04 3.043364e-03
1.153533e-04 3.002952e-03
1.153762e-04 3.077623e-03
1.153990e-04 3.259271e-03
1.154218e-04 3.409836e-03
1.154447e-04 3.492814e-03
1.154675e-04 3.458280e-03
1.154904e-04 3.439399e-03
1.155133e-04 3.441097e-03
1.155361e-04 3.529833e-03
1.155590e-04 3.500400e-03
1.155818e-04 3.493163e-03
1.156047e-04 3.753619e-03
1.156275e-04 3.820896e-03
1.156504e-04 3.767200e-03
1.156732e-04 3.702795e-03
1.156961e-04 3.596887e-03
1.157190e-04 3.657544e-03
1.157418e-04 3.699554e-03
1.157647e-04 3.775609e-03
1.157876e-04 3.853068e-03
1.158104e-04 3.835245e-03
1.158333e-04 3.835827e-03
1.158561e-04 3.793983e-03
1.158790e-04 3.831375e-03
1.159019e-04 3.815284e-03
1.159247e-04 3.717650e-03
1.159476e-04 3.722755e-03
1.159705e-04 3.696432e-03
1.159934e-04 3.777129e-03
1.160162e-04 3.835103e-03
1.160391e-04 3.944075e-03
1.160620e-04 3.982673e-03
1.160848e-04 3.985542e-03
1.161077e-04 3.941279e-03
1.161306e-04 4.061714e-03
1.161535e-04 4.066460e-03
1.161763e-04 4.095480e-03
1.161992e-04 4.232666e-03
1.162221e-04 4.329414e-03
1.162450e-04 4.315322e-03
1.162678e-04 4.261009e-03
1.162907e-04 4.326300e-03
1.163136e-04 4.310852e-03
1.163365e-04 4.289751e-03
1.163594e-04 4.298671e-03
1.163822e-04 4.312396e-03
1.164051e-04 4.175162e-03
1.164280e-04 4.163878e-03
1.164509e-04 4.156025e-03
1.164738e-04 4.085921e-03
1.164967e-04 4.048355e-03
1.165195e-04 4.039617e-03
1.165424e-04 4.127156e-03
1.165653e-04 4.153967e-03
1.165882e-04 4.129127e-03
1.166111e-04 4.216077e-03
1.166340e-04 4.260327e-03
1.166569e-04 4.293428e-03
1.166797e-04 4.332348e-03
1.167026e-04 4.362887e-03
1.167255e-04 4.361669e-03
1.167484e-04 4.357512e-03
1.167713e-04 4.372135e-03
1.167942e-04 4.411000e-03
1.168171e-04 4.420916e-03
1.168400e-04 4.432705e-03
1.168629e-04 4.461373e-03
1.168858e-04 4.434027e-03
1.169087e-04 4.478453e-03
1.169316e-04 4.500202e-03
1.169544e-04 4.485055e-03
1.169773e-04 4.425643e-03
1.170002e-04 4.358733e-03
1.170231e-04 4.386988e-03
1.170460e-04 4.487197e-03
1.170689e-04 4.522419e-03
1.170918e-04 4.529002e-03
1.171147e-04 4.603310e-03
1.171376e-04 4.601629e-03
1.171605e-04 4.554796e-03
1.171834e-04 4.547913e-03
1.172063e-04 4.532726e-03
1.172292e-04 4.475838e-03
1.172521e-04 4.484402e-03
1.172750e-04 4.375421e-03
1.172979e-04 4.347381e-03
1.173208e-04 4.281003e-03
1.173437e-04 4.232983e-03
1.173666e-04 4.317118e-03
1.173895e-04 4.438118e-03
1.174124e-04 4.529573e-03
1.174353e-04 4.627081e-03
1.174582e-04 4.624573e-03
1.174811e-04 4.698209e-03
1.175040e-04 4.738237e-03
1.175269e-04 4.830002e-03
1.175498e-04 4.962975e-03
1.175727e-04 5.037830e-03
1.175956e-04 5.081107e-03
1.176185e-04 5.106738e-03
1.176414e-04 4.917365e-03
1.176643e-04 4.947338e-03
1.176872e-04 4.777279e-03
1.177102e-04 4.810855e-03
1.177331e-04 4.937875e-03
1.177560e-04 5.052122e-03
1.177789e-04 5.229063e-03
1.178018e-04 5.368575e-03
1.178247e-04 5.464847e-03
1.178476e-04 5.539572e-03
1.178705e-04 5.552871e-03
1.178934e-04 5.616805e-03
1.179163e-04 5.653912e-03
1.179392e-04 5.734478e-03
1.179621e-04 5.858655e-03
1.179850e-04 5.911808e-03
1.180079e-04 5.935696e-03
1.180308e-04 5.945864e-03
1.180537e-04 5.927900e-03
1.180767e-04 5.802084e-03
1.180996e-04 5.644456e-03
1.181225e-04 5.607546e-03
1.181454e-04 5.639105e-03
1.181683e-04 5.710591e-03
1.181912e-04 5.792488e-03
1.182141e-04 5.956329e-03
1.182370e-04 5.998048e-03
1.182599e-04 6.026442e-03
1.182828e-04 6.165337e-03
1.183057e-04 6.178589e-03
1.183286e-04 6.066703e-03
1.183516e-04 5.969421e-03
1.183745e-04 5.955551e-03
1.183974e-04 5.903323e-03
1.184203e-04 5.884103e-03
1.184432e-04 5.924590e-03
1.184661e-04 5.942298e-03
1.184890e-04 6.017389e-03
1.185119e-04 6.100514e-03
1.185348e-04 6.177186e-03
1.185577e-04 6.176377e-03
1.185806e-04 6.135312e-03
1.186035e-04 6.058168e-03
1.186265e-04 6.038325e-03
1.186494e-04 5.953410e-03
1.186723e-04 5.849420e-03
1.186952e-04 5.770462e-03
1.187181e-04 5.775765e-03
1.187410e-04 5.655361e-03
1.187639e-04 5.697710e-03
1.187868e-04 5.746963e-03
1.188097e-04 5.821126e-03
1.188326e-04 5.892561e-03
1.188555e-04 5.962222e-03
1.188784e-04 5.985698e-03
1.189014e-04 6.038086e-03
1.189243e-04 6.034559e-03
1.189472e-04 6.029147e-03
1.189701e-04 5.976898e-03
1.189930e-04 5.957750e-03
1.190159e-04 5.932715e-03
1.190388e-04 5.931955e-03
1.190617e-04 5.987127e-03
1.190846e-04 6.030338e-03
1.191075e-04 6.042884e-03
1.191304e-04 6.081916e-03
1.191533e-04 6.086002e-03
1.191762e-04 6.127539e-03
1.191991e-04 6.082322e-03
1.192220e-04 6.085115e-03
1.192449e-04 6.078776e-03
1.192678e-04 6.095029e-03
1.192908e-04 6.046411e-03
1.193137e-04 5.849621e-03
1.193366e-04 6.146923e-03
1.193595e-04 6.197638e-03
1.193824e-04 6.187069e-03
1.194053e-04 6.203217e-03
1.194282e-04 6.115778e-03
1.194511e-04 6.208017e-03
1.194740e-04 6.245603e-03
1.194969e-04 6.291181e-03
1.195198e-04 6.310657e-03
1.195427e-04 6.407344e-03
1.195656e-04 6.528349e-03
1.195885e-04 6.606524e-03
1.196114e-04 6.600556e-03
1.196343e-04 6.888794e-03
1.196572e-04 6.638675e-03
1.196801e-04 6.775062e-03
1.197030e-04 6.889343e-03
1.197259e-04 7.141951e-03
1.197488e-04 8.409373e-03
1.197717e-04 7.073389e-03
1.197946e-04 7.275631e-03
1.198175e-04 7.395090e-03
1.198404e-04 7.444327e-03
1.198633e-04 7.660845e-03
1.198862e-04 7.804110e-03
1.199090e-04 8.128404e-03
1.199319e-04 8.067106e-03
1.199548e-04 8.378908e-03
1.199777e-04 8.623275e-03
1.200006e-04 8.470916e-03
1.200235e-04 8.980730e-03
1.200464e-04 9.105210e-03
1.200693e-04 9.435966e-03
1.200922e-04 9.870007e-03
1.201151e-04 1.017268e-02
1.201380e-04 1.039080e-02
1.201609e-04 1.081683e-02
1.201838e-04 1.098335e-02
1.202066e-04 1.146207e-02
1.202295e-04 1.184741e-02
1.202524e-04 1.225016e-02
1.202753e-04 1.254647e-02
1.202982e-04 1.298971e-02
1.203211e-04 1.355661e-02
1.203440e-04 1.393773e-02
1.203669e-04 1.475039e-02
1.203897e-04 1.547602e-02
1.204126e-04 1.595802e-02
1.204355e-04 1.660135e-02
1.204584e-04 1.760586e-02
1.204813e-04 1.834379e-02
1.205042e-04 1.903445e-02
1.205270e-04 2.008401e-02
1.205499e-04 2.116256e-02
1.205728e-04 2.235896e-02
1.205957e-04 2.379053e-02
1.206186e-04 2.562841e-02
1.206414e-04 2.590404e-02
1.206643e-04 2.725288e-02
1.206872e-04 2.874172e-02
1.207101e-04 3.008617e-02
