1.220000e-04 3.656966e+12
1.219500e-04 4.004634e+12
1.219000e-04 4.385572e+12
1.218500e-04 4.636779e+12
1.218000e-04 5.084523e+12
1.217500e-04 5.470274e+12
1.217000e-04 5.851743e+12
1.216500e-04 6.530706e+12
1.216000e-04 6.919056e+12
1.215500e-04 7.787349e+12
1.215000e-04 8.551617e+12
1.214500e-04 9.541156e+12
1.214000e-04 1.040785e+13
1.213500e-04 1.140712e+13
1.213000e-04 1.264819e+13
1.212500e-04 1.446847e+13
1.212000e-04 1.611870e+13
1.211500e-04 1.805537e+13
1.211000e-04 2.004717e+13
1.210500e-04 2.294880e+13
1.210000e-04 2.592941e+13
1.209500e-04 2.936593e+13
1.209000e-04 3.370139e+13
1.208500e-04 3.794180e+13
1.208000e-04 4.319373e+13
1.207500e-04 4.876277e+13
1.207000e-04 5.577590e+13
1.206500e-04 6.331756e+13
1.206000e-04 7.155605e+13
1.205500e-04 8.156315e+13
1.205000e-04 9.080385e+13
1.204500e-04 1.019799e+14
1.204000e-04 1.139798e+14
1.203500e-04 1.271440e+14
1.203000e-04 1.411865e+14
1.202500e-04 1.551633e+14
1.202000e-04 1.713795e+14
1.201500e-04 1.853480e+14
1.201000e-04 2.019986e+14
1.200500e-04 2.194986e+14
1.200000e-04 2.363461e+14
1.199500e-04 2.556989e+14
1.199000e-04 2.725342e+14
1.198500e-04 2.903068e+14
1.198000e-04 3.076940e+14
1.197500e-04 3.261681e+14
1.197000e-04 3.435256e+14
1.196500e-04 3.605510e+14
1.196000e-04 3.779385e+14
1.195500e-04 3.920260e+14
1.195000e-04 4.067809e+14
1.194500e-04 4.193376e+14
1.194000e-04 4.314221e+14
1.193500e-04 4.424458e+14
1.193000e-04 4.519939e+14
1.192500e-04 4.602676e+14
1.192000e-04 4.661928e+14
1.191500e-04 4.722935e+14
1.191000e-04 4.766361e+14
1.190500e-04 4.803566e+14
1.190000e-04 4.829997e+14
1.189500e-04 4.847830e+14
1.189000e-04 4.856418e+14
1.188500e-04 4.862774e+14
1.188000e-04 4.858280e+14
1.187500e-04 4.846478e+14
1.187000e-04 4.832263e+14
1.186500e-04 4.814340e+14
1.186000e-04 4.794088e+14
1.185500e-04 4.772609e+14
1.185000e-04 4.745576e+14
1.184500e-04 4.712636e+14
1.184000e-04 4.687128e+14
1.183500e-04 4.664514e+14
1.183000e-04 4.635998e+14
1.182500e-04 4.619173e+14
1.182000e-04 4.602212e+14
1.181500e-04 4.583094e+14
1.181000e-04 4.577247e+14
1.180500e-04 4.576546e+14
1.180000e-04 4.574466e+14
1.179500e-04 4.579228e+14
1.179000e-04 4.594205e+14
1.178500e-04 4.607505e+14
1.178000e-04 4.627256e+14
1.177500e-04 4.653132e+14
1.177000e-04 4.682489e+14
1.176500e-04 4.709336e+14
1.176000e-04 4.744095e+14
1.175500e-04 4.777333e+14
1.175000e-04 4.805755e+14
1.174500e-04 4.838478e+14
1.174000e-04 4.866623e+14
1.173500e-04 4.897214e+14
1.173000e-04 4.917118e+14
1.172500e-04 4.939412e+14
1.172000e-04 4.954583e+14
1.171500e-04 4.967809e+14
1.171000e-04 4.976759e+14
1.170500e-04 4.989269e+14
1.170000e-04 4.986369e+14
1.169500e-04 4.988074e+14
1.169000e-04 4.994047e+14
1.168500e-04 4.991683e+14
1.168000e-04 4.986413e+14
1.167500e-04 4.986314e+14
1.167000e-04 4.987195e+14
1.166500e-04 4.984172e+14
1.166000e-04 4.987304e+14
1.165500e-04 4.989798e+14
1.165000e-04 4.990818e+14
1.164500e-04 4.991598e+14
1.164000e-04 5.001860e+14
1.163500e-04 5.005499e+14
1.163000e-04 5.010492e+14
1.162500e-04 5.019102e+14
1.162000e-04 5.031807e+14
1.161500e-04 5.038921e+14
1.161000e-04 5.049498e+14
1.160500e-04 5.059946e+14
1.160000e-04 5.070446e+14
1.159500e-04 5.079543e+14
1.159000e-04 5.094179e+14
1.158500e-04 5.107443e+14
1.158000e-04 5.120402e+14
1.157500e-04 5.128756e+14
1.157000e-04 5.143534e+14
1.156500e-04 5.159729e+14
1.156000e-04 5.165362e+14
1.155500e-04 5.170653e+14
1.155000e-04 5.184425e+14
1.154500e-04 5.191497e+14
1.154000e-04 5.191922e+14
1.153500e-04 5.194487e+14
1.153000e-04 5.198580e+14
1.152500e-04 5.189019e+14
1.152000e-04 5.177621e+14
1.151500e-04 5.172850e+14
1.151000e-04 5.159954e+14
1.150500e-04 5.137228e+14
1.150000e-04 5.119089e+14
1.149500e-04 5.103890e+14
1.149000e-04 5.081164e+14
1.148500e-04 5.055804e+14
1.148000e-04 5.035250e+14
1.147500e-04 5.019555e+14
1.147000e-04 4.998052e+14
1.146500e-04 4.981713e+14
1.146000e-04 4.971148e+14
1.145500e-04 4.962337e+14
1.145000e-04 4.955409e+14
1.144500e-04 4.954077e+14
1.144000e-04 4.957518e+14
1.143500e-04 4.966833e+14
1.143000e-04 4.970887e+14
1.142500e-04 4.984511e+14
1.142000e-04 5.005618e+14
1.141500e-04 5.028941e+14
1.141000e-04 5.044128e+14
1.140500e-04 5.067504e+14
1.140000e-04 5.101222e+14
1.139500e-04 5.126798e+14
1.139000e-04 5.151655e+14
1.138500e-04 5.171607e+14
1.138000e-04 5.201869e+14
1.137500e-04 5.223133e+14
1.137000e-04 5.239519e+14
1.136500e-04 5.260829e+14
1.136000e-04 5.281733e+14
1.135500e-04 5.291939e+14
1.135000e-04 5.308338e+14
1.134500e-04 5.317997e+14
1.134000e-04 5.330423e+14
1.133500e-04 5.337174e+14
1.133000e-04 5.338011e+14
1.132500e-04 5.340340e+14
1.132000e-04 5.340787e+14
1.131500e-04 5.336753e+14
1.131000e-04 5.336791e+14
1.130500e-04 5.330281e+14
1.130000e-04 5.327366e+14
1.129500e-04 5.320395e+14
1.129000e-04 5.308759e+14
1.128500e-04 5.298546e+14
1.128000e-04 5.288880e+14
1.127500e-04 5.276213e+14
1.127000e-04 5.261383e+14
1.126500e-04 5.245903e+14
1.126000e-04 5.230256e+14
1.125500e-04 5.219098e+14
1.125000e-04 5.206326e+14
1.124500e-04 5.197946e+14
1.124000e-04 5.192976e+14
1.123500e-04 5.184453e+14
1.123000e-04 5.182783e+14
1.122500e-04 5.183120e+14
1.122000e-04 5.193494e+14
1.121500e-04 5.207508e+14
1.121000e-04 5.220208e+14
1.120500e-04 5.236223e+14
1.120000e-04 5.261829e+14
1.119500e-04 5.289535e+14
1.119000e-04 5.320030e+14
1.118500e-04 5.343580e+14
1.118000e-04 5.377135e+14
1.117500e-04 5.413936e+14
1.117000e-04 5.443680e+14
1.116500e-04 5.473885e+14
1.116000e-04 5.495995e+14
1.115500e-04 5.519265e+14
1.115000e-04 5.539661e+14
1.114500e-04 5.553430e+14
1.114000e-04 5.557497e+14
1.113500e-04 5.560379e+14
1.113000e-04 5.564728e+14
1.112500e-04 5.564292e+14
1.112000e-04 5.552221e+14
1.111500e-04 5.542445e+14
1.111000e-04 5.532225e+14
1.110500e-04 5.520528e+14
1.110000e-04 5.507780e+14
1.109500e-04 5.492641e+14
1.109000e-04 5.483511e+14
1.108500e-04 5.473026e+14
1.108000e-04 5.464761e+14
1.107500e-04 5.457168e+14
1.107000e-04 5.451329e+14
1.106500e-04 5.447485e+14
1.106000e-04 5.444007e+14
1.105500e-04 5.445225e+14
1.105000e-04 5.446000e+14
1.104500e-04 5.444277e+14
1.104000e-04 5.440139e+14
1.103500e-04 5.439145e+14
1.103000e-04 5.436916e+14
1.102500e-04 5.436081e+14
1.102000e-04 5.432069e+14
1.101500e-04 5.427452e+14
1.101000e-04 5.425331e+14
1.100500e-04 5.423048e+14
1.100000e-04 5.418644e+14
1.099500e-04 5.412882e+14
1.099000e-04 5.412430e+14
1.098500e-04 5.410956e+14
1.098000e-04 5.407443e+14
1.097500e-04 5.406994e+14
1.097000e-04 5.406156e+14
1.096500e-04 5.406906e+14
1.096000e-04 5.407920e+14
1.095500e-04 5.408210e+14
1.095000e-04 5.412006e+14
1.094500e-04 5.409438e+14
1.094000e-04 5.409763e+14
1.093500e-04 5.411339e+14
1.093000e-04 5.409290e+14
1.092500e-04 5.403808e+14
1.092000e-04 5.402031e+14
1.091500e-04 5.399361e+14
1.091000e-04 5.399061e+14
1.090500e-04 5.398791e+14
1.090000e-04 5.397389e+14
1.089500e-04 5.402895e+14
1.089000e-04 5.408561e+14
1.088500e-04 5.417509e+14
1.088000e-04 5.433236e+14
1.087500e-04 5.451655e+14
1.087000e-04 5.470095e+14
1.086500e-04 5.492912e+14
1.086000e-04 5.524758e+14
1.085500e-04 5.557621e+14
1.085000e-04 5.589639e+14
1.084500e-04 5.624954e+14
1.084000e-04 5.656208e+14
1.083500e-04 5.696899e+14
1.083000e-04 5.732612e+14
1.082500e-04 5.770538e+14
1.082000e-04 5.802978e+14
1.081500e-04 5.833855e+14
1.081000e-04 5.864463e+14
1.080500e-04 5.892302e+14
1.080000e-04 5.915536e+14
1.079500e-04 5.934215e+14
1.079000e-04 5.954060e+14
1.078500e-04 5.969907e+14
1.078000e-04 5.985606e+14
1.077500e-04 5.998321e+14
1.077000e-04 6.014728e+14
1.076500e-04 6.022093e+14
1.076000e-04 6.033444e+14
1.075500e-04 6.037755e+14
1.075000e-04 6.043217e+14
1.074500e-04 6.040361e+14
1.074000e-04 6.039338e+14
1.073500e-04 6.029477e+14
1.073000e-04 6.015976e+14
1.072500e-04 5.998453e+14
1.072000e-04 5.973068e+14
1.071500e-04 5.945013e+14
1.071000e-04 5.919256e+14
1.070500e-04 5.883197e+14
1.070000e-04 5.852678e+14
1.069500e-04 5.819458e+14
1.069000e-04 5.784006e+14
1.068500e-04 5.760265e+14
1.068000e-04 5.738164e+14
1.067500e-04 5.721244e+14
1.067000e-04 5.706265e+14
1.066500e-04 5.702528e+14
1.066000e-04 5.703722e+14
1.065500e-04 5.711090e+14
1.065000e-04 5.726645e+14
1.064500e-04 5.748391e+14
1.064000e-04 5.773257e+14
1.063500e-04 5.802068e+14
1.063000e-04 5.832391e+14
1.062500e-04 5.868543e+14
1.062000e-04 5.750223e+14
1.061500e-04 5.792613e+14
1.061000e-04 5.839371e+14
1.060500e-04 5.884732e+14
1.060000e-04 5.936284e+14
1.059500e-04 5.993395e+14
1.059000e-04 6.045997e+14
1.058500e-04 6.081122e+14
1.058000e-04 6.087336e+14
1.057500e-04 6.061672e+14
1.057000e-04 6.011465e+14
1.056500e-04 5.968221e+14
1.056000e-04 5.954488e+14
1.055500e-04 5.976296e+14
1.055000e-04 6.021711e+14
1.054500e-04 6.076384e+14
1.054000e-04 6.119590e+14
1.053500e-04 6.132161e+14
1.053000e-04 6.115065e+14
1.052500e-04 6.085759e+14
1.052000e-04 6.055268e+14
1.051500e-04 6.029792e+14
1.051000e-04 6.005172e+14
1.050500e-04 5.990328e+14
1.050000e-04 5.869443e+14
1.049500e-04 5.881856e+14
1.049000e-04 5.898965e+14
1.048500e-04 5.913217e+14
1.048000e-04 5.913984e+14
1.047500e-04 5.896934e+14
1.047000e-04 5.869651e+14
1.046500e-04 5.848780e+14
1.046000e-04 5.840317e+14
1.045500e-04 5.860627e+14
1.045000e-04 5.896612e+14
1.044500e-04 5.937353e+14
1.044000e-04 5.971345e+14
1.043500e-04 5.990554e+14
1.043000e-04 5.986264e+14
1.042500e-04 5.963151e+14
1.042000e-04 5.920737e+14
1.041500e-04 5.863922e+14
1.041000e-04 5.808384e+14
1.040500e-04 5.777150e+14
1.040000e-04 5.787864e+14
1.039500e-04 5.858895e+14
1.039000e-04 5.955136e+14
1.038500e-04 6.035455e+14
1.038000e-04 6.059337e+14
1.037500e-04 5.998951e+14
1.037000e-04 5.888977e+14
1.036500e-04 5.773466e+14
1.036000e-04 5.693528e+14
1.035500e-04 5.677202e+14
1.035000e-04 5.705539e+14
1.034500e-04 5.742106e+14
1.034000e-04 5.768567e+14
1.033500e-04 5.755985e+14
1.033000e-04 5.721260e+14
1.032500e-04 5.673436e+14
1.032000e-04 5.646140e+14
1.031500e-04 5.639046e+14
1.031000e-04 5.650957e+14
1.030500e-04 5.665164e+14
1.030000e-04 5.676584e+14
1.029500e-04 5.666686e+14
1.029000e-04 5.645666e+14
1.028500e-04 5.625877e+14
1.028000e-04 5.615763e+14
1.027500e-04 5.621617e+14
1.027000e-04 5.639407e+14
1.026500e-04 5.637530e+14
1.026000e-04 5.611930e+14
1.025500e-04 5.528005e+14
1.025000e-04 5.421806e+14
1.024500e-04 5.296739e+14
1.024000e-04 5.153369e+14
1.023500e-04 5.011021e+14
1.023000e-04 4.805409e+14
1.022500e-04 4.535314e+14
1.022000e-04 4.144346e+14
1.021500e-04 3.648220e+14
1.021000e-04 3.140120e+14
1.020500e-04 2.575273e+14
1.020000e-04 2.125756e+14
1.019500e-04 1.661605e+14
1.019000e-04 1.287383e+14
1.018500e-04 9.930379e+13
1.018000e-04 7.486151e+13
1.017500e-04 5.882545e+13
1.017000e-04 4.573223e+13
1.016500e-04 3.608400e+13
1.016000e-04 2.766423e+13
1.015500e-04 2.145350e+13
1.015000e-04 1.616114e+13
1.014500e-04 1.219892e+13
1.014000e-04 9.897616e+12
1.013500e-04 7.549364e+12
1.013000e-04 6.145738e+12
1.012500e-04 4.676439e+12
1.012000e-04 3.396229e+12
1.011500e-04 3.175796e+12
1.011000e-04 2.535529e+12
1.010500e-04 1.754776e+12
1.010000e-04 1.600780e+12
1.009500e-04 1.060011e+12
1.009000e-04 1.119872e+12
1.008500e-04 7.830317e+11
1.008000e-04 5.744480e+11
1.007500e-04 6.792391e+11
1.007000e-04 4.018702e+11
1.006500e-04 2.886336e+11
1.006000e-04 3.919230e+11
1.005500e-04 3.134333e+11
1.005000e-04 3.807879e+11
1.004500e-04 7.839287e+10
1.004000e-04 -2.134722e+11
1.003500e-04 1.410818e+10
1.003000e-04 1.937929e+11
1.002500e-04 1.754305e+11
1.002000e-04 4.516338e+10
1.001500e-04 3.746646e+10
1.001000e-04 -5.385103e+09
1.000500e-04 -7.822076e+10
1.000000e-04 5.254884e+10
