1.975080e-04 3.604046e+10
1.975531e-04 3.411223e+10
1.975982e-04 3.303487e+10
1.976434e-04 3.764745e+10
1.976885e-04 3.633159e+10
1.977337e-04 3.836906e+10
1.977788e-04 1.960305e+10
1.978240e-04 3.139974e+10
1.978692e-04 3.920693e+10
1.979144e-04 3.167297e+10
1.979595e-04 9.540698e+09
1.980047e-04 3.108483e+10
1.980499e-04 2.166545e+10
1.980951e-04 4.298197e+09
1.981403e-04 3.868603e+10
1.981855e-04 3.827664e+10
1.982308e-04 3.763709e+10
1.982760e-04 4.035980e+10
1.983212e-04 4.394438e+10
1.983664e-04 4.382402e+10
1.984117e-04 4.322219e+10
1.984569e-04 4.479317e+10
1.985022e-04 4.217361e+10
1.985474e-04 4.413306e+10
1.985927e-04 4.822372e+10
1.986380e-04 4.359006e+10
1.986832e-04 4.427448e+10
1.987285e-04 2.788169e+10
1.987738e-04 4.616755e+10
1.988191e-04 1.947572e+10
1.988644e-04 1.670301e+11
1.989097e-04 1.357034e+11
1.989550e-04 4.857484e+10
1.990003e-04 4.899280e+10
1.990456e-04 4.881262e+10
1.990910e-04 2.570650e+10
1.991363e-04 3.208849e+10
1.991816e-04 3.122866e+10
1.992270e-04 4.545676e+10
1.992723e-04 5.085566e+10
1.993177e-04 4.963642e+10
1.993630e-04 4.832608e+10
1.994084e-04 4.906172e+10
1.994538e-04 4.930817e+10
1.994992e-04 4.873016e+10
1.995445e-04 3.949637e+10
1.995899e-04 3.293181e+10
1.996353e-04 5.130235e+10
1.996807e-04 5.296643e+10
1.997261e-04 5.031198e+10
1.997715e-04 5.074349e+10
1.998169e-04 5.086708e+10
1.998624e-04 4.957973e+10
1.999078e-04 5.117519e+10
1.999532e-04 4.732621e+10
1.999987e-04 4.239536e+10
2.000441e-04 4.969369e+10
2.000896e-04 4.965938e+10
2.001350e-04 5.712886e+10
2.001805e-04 6.247565e+10
2.002259e-04 6.270966e+10
2.002714e-04 6.025997e+10
2.003169e-04 6.030492e+10
2.003624e-04 6.026353e+10
2.004078e-04 4.399511e+10
2.004533e-04 1.945820e+10
2.004988e-04 6.259063e+10
2.005443e-04 6.520518e+10
2.005899e-04 5.668286e+10
2.006354e-04 5.223085e+10
2.006809e-04 6.744513e+10
2.007264e-04 6.346231e+10
2.007719e-04 2.181255e+11
2.008175e-04 1.890059e+11
2.008630e-04 5.635814e+10
2.009086e-04 6.331698e+10
2.009541e-04 6.580645e+10
2.009997e-04 7.226463e+10
2.010452e-04 7.117434e+10
2.010908e-04 7.708651e+10
2.011364e-04 8.074743e+10
2.011820e-04 9.430934e+10
2.012275e-04 4.025781e+11
2.012731e-04 4.230327e+11
2.013187e-04 9.842834e+10
2.013643e-04 9.036356e+10
2.014099e-04 1.018610e+11
2.014555e-04 1.040172e+11
2.015011e-04 1.218099e+11
2.015468e-04 1.297994e+11
2.015924e-04 1.336974e+11
2.016380e-04 1.382643e+11
2.016837e-04 1.443171e+11
2.017293e-04 1.533672e+11
2.017750e-04 1.617730e+11
2.018206e-04 1.731101e+11
2.018663e-04 1.789439e+11
2.019119e-04 1.742088e+11
2.019576e-04 2.031037e+11
2.020033e-04 2.201507e+11
2.020489e-04 2.169274e+11
2.020946e-04 2.151065e+11
2.021403e-04 2.328118e+11
2.021860e-04 2.553411e+11
2.022317e-04 2.764651e+11
2.022774e-04 2.958057e+11
2.023231e-04 3.162587e+11
2.023688e-04 3.361662e+11
2.024146e-04 3.640410e+11
2.024603e-04 3.821032e+11
2.025060e-04 3.899717e+11
2.025517e-04 4.082374e+11
2.025975e-04 4.148719e+11
2.026432e-04 4.445212e+11
2.026890e-04 4.984708e+11
2.027347e-04 8.538001e+11
2.027805e-04 1.072859e+12
2.028263e-04 5.787131e+11
2.028720e-04 5.964015e+11
2.029178e-04 6.304917e+11
2.029636e-04 6.612391e+11
2.030094e-04 6.813282e+11
2.030552e-04 6.967209e+11
2.031010e-04 7.090139e+11
2.031468e-04 7.280865e+11
2.031926e-04 7.334277e+11
2.032384e-04 7.129554e+11
2.032842e-04 6.989422e+11
2.033300e-04 7.266246e+11
2.033758e-04 7.666979e+11
2.034217e-04 7.912404e+11
2.034675e-04 8.134066e+11
2.035134e-04 8.174573e+11
2.035592e-04 8.482592e+11
2.036050e-04 9.511830e+11
2.036509e-04 1.128191e+12
2.036968e-04 8.397584e+11
2.037426e-04 8.437075e+11
2.037885e-04 8.823353e+11
2.038344e-04 9.039472e+11
2.038803e-04 9.022978e+11
2.039261e-04 8.978263e+11
2.039720e-04 8.849769e+11
2.040179e-04 8.631216e+11
2.040638e-04 8.332436e+11
2.041097e-04 8.117917e+11
2.041556e-04 7.840824e+11
2.042016e-04 7.708022e+11
2.042475e-04 7.465849e+11
2.042934e-04 7.129796e+11
2.043393e-04 6.543186e+11
2.043853e-04 6.436352e+11
2.044312e-04 6.593325e+11
2.044772e-04 6.517311e+11
2.045231e-04 6.424532e+11
2.045691e-04 6.260979e+11
2.046150e-04 6.037299e+11
2.046610e-04 5.871179e+11
2.047069e-04 5.875815e+11
2.047529e-04 5.866920e+11
2.047989e-04 6.005408e+11
2.048449e-04 6.158250e+11
2.048909e-04 6.026597e+11
2.049369e-04 5.726946e+11
2.049829e-04 5.873532e+11
2.050289e-04 6.226445e+11
2.050749e-04 6.534433e+11
2.051209e-04 6.910739e+11
2.051669e-04 7.326067e+11
2.052129e-04 7.771073e+11
2.052589e-04 8.018628e+11
2.053050e-04 8.017348e+11
2.053510e-04 7.842323e+11
2.053970e-04 7.444773e+11
2.054431e-04 7.425210e+11
2.054891e-04 7.163140e+11
2.055352e-04 6.875611e+11
2.055812e-04 6.726558e+11
2.056273e-04 6.868453e+11
2.056734e-04 6.858431e+11
2.057194e-04 6.738099e+11
2.057655e-04 6.751436e+11
2.058116e-04 6.767475e+11
2.058577e-04 6.676897e+11
2.059038e-04 6.532845e+11
2.059499e-04 6.494682e+11
2.059960e-04 6.999419e+11
2.060421e-04 1.113162e+12
2.060882e-04 7.468216e+11
2.061343e-04 6.964141e+11
2.061804e-04 6.960531e+11
2.062265e-04 6.973207e+11
2.062727e-04 6.804381e+11
2.063188e-04 6.696276e+11
2.063649e-04 7.100039e+11
2.064111e-04 7.287347e+11
2.064572e-04 7.554000e+11
2.065034e-04 1.343358e+12
2.065495e-04 8.970582e+11
2.065957e-04 7.670001e+11
2.066418e-04 7.687819e+11
2.066880e-04 7.863308e+11
2.067342e-04 7.944733e+11
2.067804e-04 7.948134e+11
2.068265e-04 8.004924e+11
2.068727e-04 8.165223e+11
2.069189e-04 8.141692e+11
2.069651e-04 8.120239e+11
2.070113e-04 7.969422e+11
2.070575e-04 8.656339e+11
2.071037e-04 8.566780e+11
2.071499e-04 8.802162e+11
2.071962e-04 8.872300e+11
2.072424e-04 8.813858e+11
2.072886e-04 9.102055e+11
2.073348e-04 9.128854e+11
2.073811e-04 8.929765e+11
2.074273e-04 8.883872e+11
2.074735e-04 8.860075e+11
2.075198e-04 8.866498e+11
2.075660e-04 8.795733e+11
2.076123e-04 8.682661e+11
2.076586e-04 8.667492e+11
2.077048e-04 8.604109e+11
2.077511e-04 8.458692e+11
2.077974e-04 8.577850e+11
2.078436e-04 8.755284e+11
2.078899e-04 8.791136e+11
2.079362e-04 8.739509e+11
2.079825e-04 8.792292e+11
2.080288e-04 8.847981e+11
2.080751e-04 8.841426e+11
2.081214e-04 8.805416e+11
2.081677e-04 8.770891e+11
2.082140e-04 8.833131e+11
2.082603e-04 8.988461e+11
2.083067e-04 8.918001e+11
2.083530e-04 8.915733e+11
2.083993e-04 8.975544e+11
2.084457e-04 8.815343e+11
2.084920e-04 8.973648e+11
2.085383e-04 9.034111e+11
2.085847e-04 8.913286e+11
2.086310e-04 8.890469e+11
2.086774e-04 8.904473e+11
2.087237e-04 8.918957e+11
2.087701e-04 9.064217e+11
2.088165e-04 9.200931e+11
2.088628e-04 9.222939e+11
2.089092e-04 9.253775e+11
2.089556e-04 9.178669e+11
2.090020e-04 9.097515e+11
2.090484e-04 9.018982e+11
2.090948e-04 8.702366e+11
2.091412e-04 8.579640e+11
2.091876e-04 8.635156e+11
2.092340e-04 8.671747e+11
2.092804e-04 8.690602e+11
2.093268e-04 8.776150e+11
2.093732e-04 8.524396e+11
2.094196e-04 8.245107e+11
2.094661e-04 8.214273e+11
2.095125e-04 8.752702e+11
2.095589e-04 8.979831e+11
2.096054e-04 9.105648e+11
2.096518e-04 9.151303e+11
2.096982e-04 9.084769e+11
2.097447e-04 8.971144e+11
2.097911e-04 9.047192e+11
2.098376e-04 9.048321e+11
2.098841e-04 8.930783e+11
2.099305e-04 8.933461e+11
2.099770e-04 8.938187e+11
2.100235e-04 9.111294e+11
2.100700e-04 9.091477e+11
2.101164e-04 9.076509e+11
2.101629e-04 9.059420e+11
2.102094e-04 8.970544e+11
2.102559e-04 8.897757e+11
2.103024e-04 8.874965e+11
2.103489e-04 8.804220e+11
2.103954e-04 8.793285e+11
2.104419e-04 8.736489e+11
2.104884e-04 8.705335e+11
2.105349e-04 8.752627e+11
2.105815e-04 8.865843e+11
2.106280e-04 8.887566e+11
2.106745e-04 8.948005e+11
2.107211e-04 9.034205e+11
2.107676e-04 9.004028e+11
2.108141e-04 8.984007e+11
2.108607e-04 8.971913e+11
2.109072e-04 8.896682e+11
2.109538e-04 8.845155e+11
2.110003e-04 8.812256e+11
2.110469e-04 8.631186e+11
2.110935e-04 8.488084e+11
2.111400e-04 8.400596e+11
2.111866e-04 8.451549e+11
2.112332e-04 8.530484e+11
2.112798e-04 8.555043e+11
2.113263e-04 8.698421e+11
2.113729e-04 8.776039e+11
2.114195e-04 8.919896e+11
2.114661e-04 8.711117e+11
2.115127e-04 8.904248e+11
2.115593e-04 8.808527e+11
2.116059e-04 8.790838e+11
2.116525e-04 8.459771e+11
2.116991e-04 8.373346e+11
2.117458e-04 8.557363e+11
2.117924e-04 8.464478e+11
2.118390e-04 8.481491e+11
2.118856e-04 8.669124e+11
2.119323e-04 8.674843e+11
2.119789e-04 8.484919e+11
2.120255e-04 8.388358e+11
2.120722e-04 8.240823e+11
2.121188e-04 8.577198e+11
2.121655e-04 8.729702e+11
2.122121e-04 8.787258e+11
2.122588e-04 8.798371e+11
2.123054e-04 8.711028e+11
2.123521e-04 8.893401e+11
2.123988e-04 8.672706e+11
2.124455e-04 8.664535e+11
2.124921e-04 8.754906e+11
2.125388e-04 8.760683e+11
2.125855e-04 8.745614e+11
2.126322e-04 8.764835e+11
2.126789e-04 8.673455e+11
2.127256e-04 8.432344e+11
2.127723e-04 8.445258e+11
2.128190e-04 8.650448e+11
2.128657e-04 8.700293e+11
2.129124e-04 8.598907e+11
2.129591e-04 8.635749e+11
2.130058e-04 8.741688e+11
2.130525e-04 8.714090e+11
2.130992e-04 8.704682e+11
2.131460e-04 8.642775e+11
2.131927e-04 8.559853e+11
2.132394e-04 8.709904e+11
2.132862e-04 8.668811e+11
2.133329e-04 8.411769e+11
2.133797e-04 8.825929e+11
2.134264e-04 8.689830e+11
2.134732e-04 8.644402e+11
2.135199e-04 8.420057e+11
2.135667e-04 8.567302e+11
2.136134e-04 8.690784e+11
2.136602e-04 8.612083e+11
2.137070e-04 8.578289e+11
2.137537e-04 8.635252e+11
2.138005e-04 8.656734e+11
2.138473e-04 8.590397e+11
2.138941e-04 8.677902e+11
2.139408e-04 8.613655e+11
2.139876e-04 8.536793e+11
2.140344e-04 8.497484e+11
2.140812e-04 8.444318e+11
2.141280e-04 8.303811e+11
2.141748e-04 8.388211e+11
2.142216e-04 8.451924e+11
2.142684e-04 1.230985e+12
2.143153e-04 8.544860e+11
2.143621e-04 7.926167e+11
2.144089e-04 7.850386e+11
2.144557e-04 7.857687e+11
2.145025e-04 7.866470e+11
2.145494e-04 7.921570e+11
2.145962e-04 7.724421e+11
2.146430e-04 7.749193e+11
2.146899e-04 7.986535e+11
2.147367e-04 7.977524e+11
2.147836e-04 8.108209e+11
2.148304e-04 8.151543e+11
2.148773e-04 8.100241e+11
2.149241e-04 8.217606e+11
2.149710e-04 1.164585e+12
2.150178e-04 8.833164e+11
2.150647e-04 8.050504e+11
2.151116e-04 7.967875e+11
2.151584e-04 7.841831e+11
2.152053e-04 7.751468e+11
2.152522e-04 7.756603e+11
2.152991e-04 7.680569e+11
2.153460e-04 7.498861e+11
2.153928e-04 7.594923e+11
2.154397e-04 7.573924e+11
2.154866e-04 7.391152e+11
2.155335e-04 7.004088e+11
2.155804e-04 6.843440e+11
2.156273e-04 6.788851e+11
2.156742e-04 6.832650e+11
2.157212e-04 6.877351e+11
2.157681e-04 6.744032e+11
2.158150e-04 6.466877e+11
2.158619e-04 6.620220e+11
2.159088e-04 6.622627e+11
2.159558e-04 6.765158e+11
2.160027e-04 6.708218e+11
2.160496e-04 6.723926e+11
2.160965e-04 6.862579e+11
2.161435e-04 7.800990e+11
2.161904e-04 7.640470e+11
2.162374e-04 7.401728e+11
2.162843e-04 7.406158e+11
2.163313e-04 7.539520e+11
2.163782e-04 7.507123e+11
2.164252e-04 7.484998e+11
2.164721e-04 7.571596e+11
2.165191e-04 7.420069e+11
2.165661e-04 7.439764e+11
2.166130e-04 7.456823e+11
2.166600e-04 7.472309e+11
2.167070e-04 7.289901e+11
2.167540e-04 7.202474e+11
2.168009e-04 7.407879e+11
2.168479e-04 7.397915e+11
2.168949e-04 7.379344e+11
2.169419e-04 7.420407e+11
2.169889e-04 7.526788e+11
2.170359e-04 7.558885e+11
2.170829e-04 7.583204e+11
2.171299e-04 7.588375e+11
2.171769e-04 7.501508e+11
2.172239e-04 7.464299e+11
2.172709e-04 7.424345e+11
2.173179e-04 7.536008e+11
2.173649e-04 7.628269e+11
2.174120e-04 7.690550e+11
2.174590e-04 7.605052e+11
2.175060e-04 7.431154e+11
2.175530e-04 7.256973e+11
2.176001e-04 7.063535e+11
2.176471e-04 6.901463e+11
2.176941e-04 6.805590e+11
2.177412e-04 6.877271e+11
2.177882e-04 6.890015e+11
2.178353e-04 7.006634e+11
2.178823e-04 7.123684e+11
2.179294e-04 7.133324e+11
2.179764e-04 6.931816e+11
2.180235e-04 6.930610e+11
2.180705e-04 7.110404e+11
2.181176e-04 7.195388e+11
2.181647e-04 7.083526e+11
2.182117e-04 7.050875e+11
2.182588e-04 7.173036e+11
2.183059e-04 7.191721e+11
2.183529e-04 7.248172e+11
2.184000e-04 7.298282e+11
2.184471e-04 7.346581e+11
2.184942e-04 7.360218e+11
2.185413e-04 7.381942e+11
2.185884e-04 7.309110e+11
2.186355e-04 7.246829e+11
2.186826e-04 7.223079e+11
2.187296e-04 7.041707e+11
2.187768e-04 6.889079e+11
2.188239e-04 6.885829e+11
2.188710e-04 6.983001e+11
2.189181e-04 7.020870e+11
2.189652e-04 6.936539e+11
2.190123e-04 6.746117e+11
2.190594e-04 6.458078e+11
2.191065e-04 6.515235e+11
2.191537e-04 6.552368e+11
2.192008e-04 6.361755e+11
2.192479e-04 6.440306e+11
2.192950e-04 6.415120e+11
2.193422e-04 6.426459e+11
2.193893e-04 6.520187e+11
2.194364e-04 6.552298e+11
2.194836e-04 6.539538e+11
2.195307e-04 6.626342e+11
2.195779e-04 6.689808e+11
2.196250e-04 6.718037e+11
2.196722e-04 6.612159e+11
2.197193e-04 6.564436e+11
2.197665e-04 6.415656e+11
2.198136e-04 6.537947e+11
2.198608e-04 6.864832e+11
2.199080e-04 7.438026e+11
2.199551e-04 6.731506e+11
2.200023e-04 6.614081e+11
2.200495e-04 6.713165e+11
2.200966e-04 6.943510e+11
2.201438e-04 6.726251e+11
2.201910e-04 6.539294e+11
2.202382e-04 6.891551e+11
2.202854e-04 6.923040e+11
2.203325e-04 6.783431e+11
2.203797e-04 6.858240e+11
2.204269e-04 6.971656e+11
2.204741e-04 6.879320e+11
2.205213e-04 6.723135e+11
2.205685e-04 6.789854e+11
2.206157e-04 6.803690e+11
2.206629e-04 6.861544e+11
2.207101e-04 6.872535e+11
2.207573e-04 6.376733e+11
2.208045e-04 6.500630e+11
2.208517e-04 6.317645e+11
2.208990e-04 6.287749e+11
2.209462e-04 6.583195e+11
2.209934e-04 6.697290e+11
2.210406e-04 6.710898e+11
2.210878e-04 6.757260e+11
2.211351e-04 6.679633e+11
2.211823e-04 6.655962e+11
2.212295e-04 6.593586e+11
2.212768e-04 6.498753e+11
2.213240e-04 6.748308e+11
2.213712e-04 6.613550e+11
2.214185e-04 6.476708e+11
2.214657e-04 6.489825e+11
2.215130e-04 6.565920e+11
2.215602e-04 6.619902e+11
2.216075e-04 6.630221e+11
2.216547e-04 6.458095e+11
2.217020e-04 6.496210e+11
2.217492e-04 6.569253e+11
2.217965e-04 6.321616e+11
2.218438e-04 6.324891e+11
2.218910e-04 6.404397e+11
2.219383e-04 6.201318e+11
2.219856e-04 6.448825e+11
2.220328e-04 6.380306e+11
2.220801e-04 6.291795e+11
2.221274e-04 6.467242e+11
2.221747e-04 6.537422e+11
2.222219e-04 6.544516e+11
2.222692e-04 6.554250e+11
2.223165e-04 6.537948e+11
2.223638e-04 6.442260e+11
2.224111e-04 6.376645e+11
2.224584e-04 6.312339e+11
2.225057e-04 6.228021e+11
2.225530e-04 6.242960e+11
2.226002e-04 6.313826e+11
2.226475e-04 6.214219e+11
2.226948e-04 6.166896e+11
2.227422e-04 6.351429e+11
2.227895e-04 6.164518e+11
2.228368e-04 6.244130e+11
2.228841e-04 6.190962e+11
2.229314e-04 6.057393e+11
2.229787e-04 6.097190e+11
2.230260e-04 6.183996e+11
2.230733e-04 6.165434e+11
2.231207e-04 6.185957e+11
2.231680e-04 6.221902e+11
2.232153e-04 6.168867e+11
2.232626e-04 6.135020e+11
2.233100e-04 6.104093e+11
2.233573e-04 1.101947e+12
2.234046e-04 1.184234e+12
2.234520e-04 7.441870e+11
2.234993e-04 6.032572e+11
2.235466e-04 6.007700e+11
2.235940e-04 5.971027e+11
2.236413e-04 5.922659e+11
2.236887e-04 5.742135e+11
2.237360e-04 5.910527e+11
2.237833e-04 5.942513e+11
2.238307e-04 5.880946e+11
2.238780e-04 5.843286e+11
2.239254e-04 5.747190e+11
2.239728e-04 5.718379e+11
2.240201e-04 5.808442e+11
2.240675e-04 5.884725e+11
2.241148e-04 5.930027e+11
2.241622e-04 5.967450e+11
2.242096e-04 5.935178e+11
2.242569e-04 5.869756e+11
2.243043e-04 5.898433e+11
2.243517e-04 5.867005e+11
2.243991e-04 5.885321e+11
2.244464e-04 5.712037e+11
2.244938e-04 5.711612e+11
2.245412e-04 5.739102e+11
2.245886e-04 5.760068e+11
2.246359e-04 5.741908e+11
2.246833e-04 5.671713e+11
2.247307e-04 5.673938e+11
2.247781e-04 5.670575e+11
2.248255e-04 5.615120e+11
2.248729e-04 5.606873e+11
2.249203e-04 5.605287e+11
2.249677e-04 5.622343e+11
2.250151e-04 5.613170e+11
2.250625e-04 5.631119e+11
2.251099e-04 5.689216e+11
2.251573e-04 5.718522e+11
2.252047e-04 5.728929e+11
2.252521e-04 8.896925e+11
2.252995e-04 9.885098e+11
2.253469e-04 5.561462e+11
2.253943e-04 5.462974e+11
2.254417e-04 5.437137e+11
2.254891e-04 5.368943e+11
2.255366e-04 5.472560e+11
2.255840e-04 5.531907e+11
2.256314e-04 5.538431e+11
2.256788e-04 5.535711e+11
2.257262e-04 5.388835e+11
2.257737e-04 5.477045e+11
2.258211e-04 5.508985e+11
2.258685e-04 5.549991e+11
2.259160e-04 5.189454e+11
2.259634e-04 5.617103e+11
2.260108e-04 5.496714e+11
2.260583e-04 5.422725e+11
2.261057e-04 5.357262e+11
2.261531e-04 5.139684e+11
2.262006e-04 5.145244e+11
2.262480e-04 5.287387e+11
2.262954e-04 5.385893e+11
2.263429e-04 5.441491e+11
2.263903e-04 5.336344e+11
2.264378e-04 5.353956e+11
2.264852e-04 5.410321e+11
2.265327e-04 5.318493e+11
2.265801e-04 5.440066e+11
2.266276e-04 5.399169e+11
2.266751e-04 5.352451e+11
2.267225e-04 5.393019e+11
2.267700e-04 5.290027e+11
2.268174e-04 5.268248e+11
2.268649e-04 5.096069e+11
2.269124e-04 5.075672e+11
2.269598e-04 5.129990e+11
2.270073e-04 5.063028e+11
2.270548e-04 5.179937e+11
2.271022e-04 5.345352e+11
2.271497e-04 5.402856e+11
2.271972e-04 5.463244e+11
2.272446e-04 5.401750e+11
2.272921e-04 5.334165e+11
2.273396e-04 5.120562e+11
2.273871e-04 5.146460e+11
2.274345e-04 5.217730e+11
2.274820e-04 5.180953e+11
2.275295e-04 5.101085e+11
2.275770e-04 4.919558e+11
2.276245e-04 4.823705e+11
2.276720e-04 4.677475e+11
2.277195e-04 5.040541e+11
2.277669e-04 5.091456e+11
2.278144e-04 5.076261e+11
2.278619e-04 5.060940e+11
2.279094e-04 5.258739e+11
2.279569e-04 5.344782e+11
2.280044e-04 5.232468e+11
2.280519e-04 5.223440e+11
2.280994e-04 5.154680e+11
2.281469e-04 5.072843e+11
2.281944e-04 5.046417e+11
2.282419e-04 4.984134e+11
2.282894e-04 4.911162e+11
2.283369e-04 4.801387e+11
2.283844e-04 4.936360e+11
2.284319e-04 4.918346e+11
2.284794e-04 4.990853e+11
2.285270e-04 4.948043e+11
2.285745e-04 4.969496e+11
2.286220e-04 4.925388e+11
2.286695e-04 4.819094e+11
2.287170e-04 4.796513e+11
2.287645e-04 4.728384e+11
2.288120e-04 4.629557e+11
2.288596e-04 4.711159e+11
2.289071e-04 4.557455e+11
2.289546e-04 4.799114e+11
2.290021e-04 4.793379e+11
2.290497e-04 4.824872e+11
2.290972e-04 4.835356e+11
2.291447e-04 4.718429e+11
2.291922e-04 4.681507e+11
2.292398e-04 4.682471e+11
2.292873e-04 4.609190e+11
2.293348e-04 4.758705e+11
2.293824e-04 4.561819e+11
2.294299e-04 4.470443e+11
2.294774e-04 4.706124e+11
2.295250e-04 4.772329e+11
2.295725e-04 4.736594e+11
2.296200e-04 4.708798e+11
2.296676e-04 4.625586e+11
2.297151e-04 4.686774e+11
2.297627e-04 4.623465e+11
2.298102e-04 4.557599e+11
2.298577e-04 4.684893e+11
2.299053e-04 4.688085e+11
2.299528e-04 4.695619e+11
2.300004e-04 4.722529e+11
2.300479e-04 4.795333e+11
2.300955e-04 4.771048e+11
2.301430e-04 4.712027e+11
2.301906e-04 4.611813e+11
2.302381e-04 4.544222e+11
2.302857e-04 4.658642e+11
2.303332e-04 4.587162e+11
2.303808e-04 4.830124e+11
2.304284e-04 4.905295e+11
2.304759e-04 4.847230e+11
2.305235e-04 4.910744e+11
2.305710e-04 4.813906e+11
2.306186e-04 4.842734e+11
2.306662e-04 4.879138e+11
2.307137e-04 4.818834e+11
2.307613e-04 4.704630e+11
2.308088e-04 4.568781e+11
2.308564e-04 4.284093e+11
2.309040e-04 3.994836e+11
2.309515e-04 3.765350e+11
2.309991e-04 3.582846e+11
2.310467e-04 3.524453e+11
2.310942e-04 3.619592e+11
2.311418e-04 3.687778e+11
2.311894e-04 3.875707e+11
2.312370e-04 4.062944e+11
2.312845e-04 4.110788e+11
2.313321e-04 4.025945e+11
2.313797e-04 4.033369e+11
2.314273e-04 4.009110e+11
2.314748e-04 3.794728e+11
2.315224e-04 3.785884e+11
2.315700e-04 3.884350e+11
2.316176e-04 3.969376e+11
2.316652e-04 4.115904e+11
2.317127e-04 4.165513e+11
2.317603e-04 4.231247e+11
2.318079e-04 4.255495e+11
2.318555e-04 4.229351e+11
2.319031e-04 4.256337e+11
2.319507e-04 4.305997e+11
2.319982e-04 4.243326e+11
2.320458e-04 4.318194e+11
2.320934e-04 4.310962e+11
2.321410e-04 4.220052e+11
2.321886e-04 4.151583e+11
2.322362e-04 4.221815e+11
2.322838e-04 4.086570e+11
2.323314e-04 4.099267e+11
2.323789e-04 4.135297e+11
2.324265e-04 4.072480e+11
2.324741e-04 4.044423e+11
2.325217e-04 4.077577e+11
2.325693e-04 4.039869e+11
2.326169e-04 4.096938e+11
2.326645e-04 4.043967e+11
2.327121e-04 3.979073e+11
2.327597e-04 3.889249e+11
2.328073e-04 3.915509e+11
2.328549e-04 3.904404e+11
2.329025e-04 3.925216e+11
2.329501e-04 3.854363e+11
2.329977e-04 3.737403e+11
2.330453e-04 3.653506e+11
2.330929e-04 3.520558e+11
2.331405e-04 3.402688e+11
2.331881e-04 3.239548e+11
2.332357e-04 3.090855e+11
2.332833e-04 2.995178e+11
2.333309e-04 3.007375e+11
2.333785e-04 2.945506e+11
2.334261e-04 2.873683e+11
2.334737e-04 2.899055e+11
2.335213e-04 2.960899e+11
2.335690e-04 3.011127e+11
2.336166e-04 2.960149e+11
2.336642e-04 2.807992e+11
2.337118e-04 2.808317e+11
2.337594e-04 2.769459e+11
2.338070e-04 2.740570e+11
2.338546e-04 2.616536e+11
2.339022e-04 2.473340e+11
2.339498e-04 2.420837e+11
2.339974e-04 2.456340e+11
2.340451e-04 2.341013e+11
2.340927e-04 2.269338e+11
2.341403e-04 2.193132e+11
2.341879e-04 2.131228e+11
2.342355e-04 2.055922e+11
2.342831e-04 1.945644e+11
2.343307e-04 1.863254e+11
2.343784e-04 1.630609e+11
2.344260e-04 1.327576e+11
2.344736e-04 1.536480e+11
2.345212e-04 1.541196e+11
2.345688e-04 3.037136e+11
2.346164e-04 2.443572e+11
2.346641e-04 1.476026e+11
2.347117e-04 1.630378e+11
2.347593e-04 1.597324e+11
2.348069e-04 1.472878e+11
2.348545e-04 1.423621e+11
2.349022e-04 1.378224e+11
2.349498e-04 1.154085e+11
2.349974e-04 1.154846e+11
2.350450e-04 1.175672e+11
2.350926e-04 1.066583e+11
2.351403e-04 1.106963e+11
2.351879e-04 1.046082e+11
2.352355e-04 9.055726e+10
2.352831e-04 1.145905e+11
2.353307e-04 1.068801e+11
2.353784e-04 1.101314e+11
2.354260e-04 1.040885e+11
2.354736e-04 9.822219e+10
2.355212e-04 9.823374e+10
2.355689e-04 9.210502e+10
2.356165e-04 8.986542e+10
2.356641e-04 8.785406e+10
2.357117e-04 8.251204e+10
2.357594e-04 7.926009e+10
2.358070e-04 7.685980e+10
2.358546e-04 6.069161e+10
2.359022e-04 6.851746e+10
2.359499e-04 6.380521e+10
2.359975e-04 3.597507e+10
2.360451e-04 6.106653e+10
2.360927e-04 6.183150e+10
2.361404e-04 5.013641e+10
2.361880e-04 5.110356e+10
2.362356e-04 5.972288e+10
2.362833e-04 5.731518e+10
2.363309e-04 5.558799e+10
2.363785e-04 8.268655e+10
2.364261e-04 6.395805e+10
2.364738e-04 4.708701e+10
2.365214e-04 4.890280e+10
2.365690e-04 5.196258e+10
2.366166e-04 5.201299e+10
2.366643e-04 4.585586e+10
2.367119e-04 4.799225e+10
2.367595e-04 4.633412e+10
2.368072e-04 4.539664e+10
2.368548e-04 4.521275e+10
2.369024e-04 4.415245e+10
2.369500e-04 4.174150e+10
2.369977e-04 3.508339e+10
2.370453e-04 3.447346e+10
2.370929e-04 1.405311e+10
2.371406e-04 2.078854e+10
2.371882e-04 3.991776e+10
2.372358e-04 4.349372e+10
2.372834e-04 3.151692e+11
2.373311e-04 1.721604e+11
2.373787e-04 3.230311e+10
2.374263e-04 3.585786e+10
2.374740e-04 3.649478e+10
2.375216e-04 3.571570e+10
2.375692e-04 2.613288e+10
2.376168e-04 1.497741e+10
2.376645e-04 3.421263e+10
2.377121e-04 3.410222e+10
2.377597e-04 3.284393e+10
2.378074e-04 3.494309e+10
2.378550e-04 1.551681e+10
2.379026e-04 2.723960e+10
2.379502e-04 3.604137e+10
2.379979e-04 3.660088e+10
2.380455e-04 3.724890e+10
2.380931e-04 3.159122e+10
2.381408e-04 3.171201e+10
2.381884e-04 3.305571e+10
2.382360e-04 3.426294e+10
2.382836e-04 3.247818e+10
2.383313e-04 3.159558e+10
2.383789e-04 3.130003e+10
2.384265e-04 3.370228e+10
2.384741e-04 7.502301e+09
2.385218e-04 2.687699e+10
2.385694e-04 3.234705e+10
2.386170e-04 2.993587e+10
2.386647e-04 2.939038e+10
2.387123e-04 2.198296e+10
2.387599e-04 2.250251e+10
2.388075e-04 6.967901e+09
2.388552e-04 3.231146e+10
2.389028e-04 3.115581e+10
2.389504e-04 2.706848e+10
2.389980e-04 2.953157e+10
2.390457e-04 2.759443e+10
2.390933e-04 2.847993e+10
2.391409e-04 2.841818e+10
2.391885e-04 2.911022e+10
2.392361e-04 2.173422e+10
2.392838e-04 2.818682e+10
2.393314e-04 2.588903e+10
2.393790e-04 2.777967e+10
2.394266e-04 2.625051e+10
2.394743e-04 1.667234e+10
2.395219e-04 1.301074e+10
2.395695e-04 2.045736e+10
2.396171e-04 4.193274e+10
