1.027909e-04 3.095833e+12
1.028121e-04 3.123597e+12
1.028334e-04 3.149739e+12
1.028547e-04 3.152666e+12
1.028760e-04 3.139001e+12
1.028972e-04 3.171778e+12
1.029185e-04 3.170516e+12
1.029398e-04 3.170771e+12
1.029611e-04 3.166085e+12
1.029824e-04 3.149918e+12
1.030037e-04 3.190928e+12
1.030251e-04 3.203349e+12
1.030464e-04 3.235044e+12
1.030677e-04 3.228945e+12
1.030890e-04 3.244667e+12
1.031104e-04 3.224571e+12
1.031317e-04 3.215552e+12
1.031530e-04 3.255643e+12
1.031744e-04 3.224917e+12
1.031957e-04 3.256424e+12
1.032171e-04 3.248702e+12
1.032385e-04 3.249855e+12
1.032598e-04 3.251707e+12
1.032812e-04 3.276608e+12
1.033026e-04 3.294815e+12
1.033239e-04 3.309745e+12
1.033453e-04 3.313239e+12
1.033667e-04 3.297137e+12
1.033881e-04 3.240876e+12
1.034095e-04 3.331207e+12
1.034309e-04 3.362164e+12
1.034523e-04 3.306452e+12
1.034737e-04 3.265551e+12
1.034951e-04 3.380493e+12
1.035165e-04 3.412513e+12
1.035380e-04 3.462631e+12
1.035594e-04 3.852960e+12
1.035808e-04 3.378284e+12
1.036023e-04 3.341700e+12
1.036237e-04 3.383472e+12
1.036451e-04 3.401884e+12
1.036666e-04 3.430449e+12
1.036881e-04 3.423604e+12
1.037095e-04 3.404430e+12
1.037310e-04 3.439352e+12
1.037524e-04 3.555805e+12
1.037739e-04 4.634846e+12
1.037954e-04 3.456285e+12
1.038169e-04 3.448806e+12
1.038384e-04 3.430187e+12
1.038598e-04 3.424318e+12
1.038813e-04 3.427932e+12
1.039028e-04 3.445592e+12
1.039243e-04 3.454957e+12
1.039458e-04 3.466727e+12
1.039674e-04 3.452108e+12
1.039889e-04 3.468047e+12
1.040104e-04 3.461911e+12
1.040319e-04 3.458744e+12
1.040534e-04 3.480568e+12
1.040750e-04 3.393581e+12
1.040965e-04 3.447723e+12
1.041181e-04 3.459055e+12
1.041396e-04 3.491983e+12
1.041611e-04 3.431965e+12
1.041827e-04 3.451023e+12
1.042043e-04 3.452893e+12
1.042258e-04 3.476774e+12
1.042474e-04 3.464724e+12
1.042690e-04 3.466552e+12
1.042905e-04 3.463856e+12
1.043121e-04 3.451398e+12
1.043337e-04 3.502400e+12
1.043553e-04 3.493900e+12
1.043769e-04 3.485588e+12
1.043985e-04 3.468909e+12
1.044201e-04 3.441106e+12
1.044417e-04 3.454352e+12
1.044633e-04 3.518209e+12
1.044849e-04 4.988520e+12
1.045065e-04 3.699669e+12
1.045281e-04 3.407935e+12
1.045498e-04 3.415925e+12
1.045714e-04 3.445228e+12
1.045930e-04 3.496394e+12
1.046147e-04 3.496027e+12
1.046363e-04 3.492274e+12
1.046580e-04 3.505855e+12
1.046796e-04 3.508633e+12
1.047013e-04 3.465912e+12
1.047229e-04 3.456804e+12
1.047446e-04 3.462565e+12
1.047662e-04 3.488626e+12
1.047879e-04 3.422075e+12
1.048096e-04 3.460550e+12
1.048313e-04 3.443732e+12
1.048529e-04 3.468548e+12
1.048746e-04 3.497002e+12
1.048963e-04 4.020337e+12
1.049180e-04 3.729431e+12
1.049397e-04 3.483564e+12
1.049614e-04 3.463999e+12
1.049831e-04 3.500510e+12
1.050048e-04 3.511566e+12
1.050266e-04 3.517569e+12
1.050483e-04 3.530688e+12
1.050700e-04 3.541045e+12
1.050917e-04 3.492785e+12
1.051135e-04 3.521780e+12
1.051352e-04 3.508400e+12
1.051569e-04 3.498724e+12
1.051787e-04 3.520310e+12
1.052004e-04 3.510910e+12
1.052222e-04 3.513433e+12
1.052439e-04 3.462966e+12
1.052657e-04 3.483363e+12
1.052874e-04 3.537523e+12
1.053092e-04 3.514170e+12
1.053310e-04 3.514600e+12
1.053528e-04 3.520993e+12
1.053745e-04 3.513647e+12
1.053963e-04 3.527701e+12
1.054181e-04 3.530228e+12
1.054399e-04 3.493573e+12
1.054617e-04 3.530349e+12
1.054835e-04 3.515161e+12
1.055053e-04 3.481014e+12
1.055271e-04 3.504393e+12
1.055489e-04 3.516082e+12
1.055707e-04 3.494035e+12
1.055925e-04 3.497943e+12
1.056143e-04 3.512568e+12
1.056362e-04 3.524091e+12
1.056580e-04 3.535760e+12
1.056798e-04 3.528211e+12
1.057017e-04 3.525538e+12
1.057235e-04 3.513319e+12
1.057454e-04 3.496930e+12
1.057672e-04 3.513264e+12
1.057890e-04 3.525298e+12
1.058109e-04 3.509414e+12
1.058328e-04 3.493918e+12
1.058546e-04 3.519270e+12
1.058765e-04 3.516928e+12
1.058984e-04 3.504874e+12
1.059202e-04 3.518334e+12
1.059421e-04 3.517174e+12
1.059640e-04 3.485452e+12
1.059859e-04 3.449291e+12
1.060078e-04 3.475740e+12
1.060297e-04 3.853565e+12
1.060516e-04 4.098642e+12
1.060735e-04 3.496955e+12
1.060954e-04 3.465924e+12
1.061173e-04 3.455227e+12
1.061392e-04 3.460697e+12
1.061611e-04 3.392195e+12
1.061830e-04 3.446283e+12
1.062049e-04 3.459528e+12
1.062268e-04 3.464877e+12
1.062488e-04 3.799230e+12
1.062707e-04 4.530976e+12
1.062926e-04 3.424228e+12
1.063146e-04 3.406328e+12
1.063365e-04 3.434446e+12
1.063585e-04 3.433154e+12
1.063804e-04 3.431619e+12
1.064024e-04 3.424970e+12
1.064243e-04 3.428773e+12
1.064463e-04 3.422758e+12
1.064683e-04 3.434557e+12
1.064902e-04 3.425329e+12
1.065122e-04 3.392997e+12
1.065342e-04 3.518801e+12
1.065562e-04 3.469739e+12
1.065781e-04 3.412234e+12
1.066001e-04 3.379776e+12
1.066221e-04 3.315485e+12
1.066441e-04 3.456585e+12
1.066661e-04 3.437537e+12
1.066881e-04 3.443435e+12
1.067101e-04 3.478046e+12
1.067321e-04 3.462850e+12
1.067541e-04 3.428566e+12
1.067761e-04 3.395103e+12
1.067981e-04 3.378143e+12
1.068202e-04 3.437999e+12
1.068422e-04 3.434182e+12
1.068642e-04 3.404654e+12
1.068862e-04 3.440021e+12
1.069083e-04 3.470017e+12
1.069303e-04 3.495646e+12
1.069524e-04 3.470417e+12
1.069744e-04 3.499766e+12
1.069965e-04 3.416066e+12
1.070185e-04 3.501550e+12
1.070406e-04 3.469186e+12
1.070626e-04 3.488737e+12
1.070847e-04 3.516541e+12
1.071067e-04 3.542133e+12
1.071288e-04 3.519017e+12
1.071509e-04 3.508794e+12
1.071730e-04 3.509008e+12
1.071950e-04 3.450213e+12
1.072171e-04 3.503038e+12
1.072392e-04 3.510976e+12
1.072613e-04 3.546252e+12
1.072834e-04 3.569592e+12
1.073055e-04 3.562634e+12
1.073276e-04 3.507895e+12
1.073497e-04 3.512234e+12
1.073718e-04 3.496521e+12
1.073939e-04 3.475372e+12
1.074160e-04 3.466795e+12
1.074381e-04 3.504923e+12
1.074602e-04 3.512271e+12
1.074824e-04 3.522037e+12
1.075045e-04 3.501796e+12
1.075266e-04 3.545727e+12
1.075487e-04 3.516768e+12
1.075709e-04 3.481824e+12
1.075930e-04 3.490214e+12
1.076151e-04 3.482375e+12
1.076373e-04 3.448430e+12
1.076594e-04 3.358945e+12
1.076816e-04 3.339574e+12
1.077037e-04 3.462151e+12
1.077259e-04 3.496097e+12
1.077481e-04 3.474089e+12
1.077702e-04 3.488091e+12
1.077924e-04 3.476872e+12
1.078146e-04 3.441765e+12
1.078367e-04 3.473070e+12
1.078589e-04 3.452492e+12
1.078811e-04 3.465411e+12
1.079033e-04 3.401800e+12
1.079254e-04 3.423115e+12
1.079476e-04 3.384485e+12
1.079698e-04 3.402396e+12
1.079920e-04 3.405722e+12
1.080142e-04 3.404979e+12
1.080364e-04 3.396244e+12
1.080586e-04 3.405999e+12
1.080808e-04 3.390923e+12
1.081030e-04 3.405460e+12
1.081252e-04 3.418159e+12
1.081475e-04 3.444719e+12
1.081697e-04 3.415268e+12
1.081919e-04 3.407752e+12
1.082141e-04 3.403173e+12
1.082363e-04 3.356454e+12
1.082586e-04 3.325337e+12
1.082808e-04 3.316724e+12
1.083030e-04 3.332626e+12
1.083253e-04 3.352285e+12
1.083475e-04 3.355823e+12
1.083698e-04 3.363229e+12
1.083920e-04 3.357220e+12
1.084143e-04 3.324388e+12
1.084365e-04 3.367358e+12
1.084588e-04 3.323045e+12
1.084810e-04 3.275434e+12
1.085033e-04 3.274922e+12
1.085256e-04 3.194320e+12
1.085478e-04 3.157441e+12
1.085701e-04 3.213590e+12
1.085924e-04 3.257513e+12
1.086147e-04 3.221617e+12
1.086370e-04 3.233212e+12
1.086592e-04 3.267338e+12
1.086815e-04 3.264453e+12
1.087038e-04 3.252965e+12
1.087261e-04 3.225483e+12
1.087484e-04 3.273663e+12
1.087707e-04 3.283105e+12
1.087930e-04 3.236264e+12
1.088153e-04 3.189014e+12
1.088376e-04 3.200544e+12
1.088599e-04 3.196522e+12
1.088822e-04 3.168084e+12
1.089045e-04 3.164364e+12
1.089269e-04 3.167846e+12
1.089492e-04 3.124648e+12
1.089715e-04 3.086888e+12
1.089938e-04 3.091308e+12
1.090162e-04 3.082180e+12
1.090385e-04 3.121080e+12
1.090608e-04 3.101214e+12
1.090832e-04 3.038460e+12
1.091055e-04 3.042355e+12
1.091279e-04 2.992672e+12
1.091502e-04 2.953251e+12
1.091725e-04 2.848662e+12
1.091949e-04 2.746116e+12
1.092173e-04 2.690512e+12
1.092396e-04 2.678395e+12
1.092620e-04 2.720750e+12
1.092843e-04 2.690371e+12
1.093067e-04 2.619690e+12
1.093291e-04 2.572006e+12
1.093514e-04 2.584938e+12
1.093738e-04 2.633676e+12
1.093962e-04 2.667919e+12
1.094186e-04 2.692707e+12
1.094409e-04 2.743070e+12
1.094633e-04 2.798849e+12
1.094857e-04 2.809608e+12
1.095081e-04 2.767051e+12
1.095305e-04 2.774434e+12
1.095529e-04 2.860405e+12
1.095753e-04 2.932471e+12
1.095977e-04 2.960225e+12
1.096201e-04 3.018890e+12
1.096425e-04 3.024076e+12
1.096649e-04 2.983074e+12
1.096873e-04 2.917218e+12
1.097097e-04 2.875278e+12
1.097321e-04 2.887377e+12
1.097545e-04 2.920004e+12
1.097770e-04 2.952059e+12
1.097994e-04 2.952431e+12
1.098218e-04 2.925023e+12
1.098442e-04 2.901092e+12
1.098667e-04 2.858707e+12
1.098891e-04 2.805045e+12
1.099115e-04 2.789963e+12
1.099340e-04 2.854915e+12
1.099564e-04 3.242253e+12
1.099789e-04 3.398045e+12
1.100013e-04 2.834998e+12
1.100238e-04 2.815083e+12
1.100462e-04 2.845860e+12
1.100687e-04 2.881676e+12
1.100911e-04 2.861551e+12
1.101136e-04 2.792219e+12
1.101360e-04 2.676900e+12
1.101585e-04 2.733031e+12
1.101810e-04 2.719478e+12
1.102034e-04 2.725169e+12
1.102259e-04 2.766179e+12
1.102484e-04 2.783526e+12
1.102708e-04 2.821688e+12
1.102933e-04 3.161597e+12
1.103158e-04 3.420691e+12
1.103383e-04 2.743601e+12
1.103608e-04 2.697670e+12
1.103833e-04 2.706979e+12
1.104057e-04 2.741621e+12
1.104282e-04 2.747725e+12
1.104507e-04 2.774762e+12
1.104732e-04 2.702635e+12
1.104957e-04 2.620748e+12
1.105182e-04 2.567857e+12
1.105407e-04 2.507944e+12
1.105632e-04 2.483199e+12
1.105857e-04 2.520108e+12
1.106082e-04 2.652202e+12
1.106308e-04 2.739663e+12
1.106533e-04 2.750739e+12
1.106758e-04 2.724551e+12
1.106983e-04 2.574079e+12
1.107208e-04 2.518642e+12
1.107434e-04 2.435263e+12
1.107659e-04 2.403776e+12
1.107884e-04 2.457374e+12
1.108109e-04 2.488860e+12
1.108335e-04 2.510181e+12
1.108560e-04 2.587407e+12
1.108785e-04 2.807476e+12
1.109011e-04 2.598963e+12
1.109236e-04 2.620812e+12
1.109462e-04 2.579743e+12
1.109687e-04 2.496105e+12
1.109913e-04 2.383988e+12
1.110138e-04 2.344971e+12
1.110364e-04 2.316597e+12
1.110589e-04 2.298493e+12
1.110815e-04 2.366056e+12
1.111040e-04 2.445396e+12
1.111266e-04 2.503866e+12
1.111492e-04 2.426976e+12
1.111717e-04 2.405691e+12
1.111943e-04 2.315619e+12
1.112169e-04 2.142385e+12
1.112394e-04 1.972239e+12
1.112620e-04 1.900358e+12
1.112846e-04 1.919148e+12
1.113072e-04 1.957849e+12
1.113298e-04 2.104527e+12
1.113523e-04 2.207743e+12
1.113749e-04 2.295632e+12
1.113975e-04 2.203989e+12
1.114201e-04 2.031344e+12
1.114427e-04 1.887002e+12
1.114653e-04 1.819803e+12
1.114879e-04 1.843031e+12
1.115105e-04 1.864826e+12
1.115331e-04 1.762419e+12
1.115557e-04 1.579845e+12
1.115783e-04 1.448968e+12
1.116009e-04 1.378666e+12
1.116235e-04 1.422145e+12
1.116461e-04 1.484529e+12
1.116687e-04 1.630127e+12
1.116913e-04 1.775691e+12
1.117139e-04 1.857079e+12
1.117366e-04 1.815580e+12
1.117592e-04 1.690574e+12
1.117818e-04 1.676320e+12
1.118044e-04 1.584886e+12
1.118270e-04 1.456712e+12
1.118497e-04 1.355323e+12
1.118723e-04 1.444561e+12
1.118949e-04 1.490568e+12
1.119176e-04 1.485254e+12
1.119402e-04 1.457550e+12
1.119628e-04 1.465962e+12
1.119855e-04 1.549719e+12
1.120081e-04 1.660876e+12
1.120308e-04 1.686483e+12
1.120534e-04 1.617998e+12
1.120760e-04 1.540837e+12
1.120987e-04 1.434334e+12
1.121213e-04 1.322260e+12
1.121440e-04 1.202133e+12
1.121667e-04 1.146035e+12
1.121893e-04 1.169151e+12
1.122120e-04 1.263220e+12
1.122346e-04 1.412328e+12
1.122573e-04 1.443852e+12
1.122799e-04 1.430282e+12
1.123026e-04 1.451658e+12
1.123253e-04 1.469038e+12
1.123479e-04 1.549066e+12
1.123706e-04 1.622319e+12
1.123933e-04 1.646104e+12
1.124160e-04 1.564635e+12
1.124386e-04 1.405697e+12
1.124613e-04 1.271060e+12
1.124840e-04 1.138531e+12
1.125067e-04 1.181797e+12
1.125294e-04 1.212236e+12
1.125520e-04 1.284088e+12
1.125747e-04 1.382041e+12
1.125974e-04 1.474400e+12
1.126201e-04 1.532437e+12
1.126428e-04 1.504687e+12
1.126655e-04 1.563419e+12
1.126882e-04 1.402186e+12
1.127109e-04 1.301205e+12
1.127336e-04 1.273594e+12
1.127563e-04 1.357698e+12
1.127790e-04 1.363307e+12
1.128017e-04 1.290605e+12
1.128244e-04 1.287992e+12
1.128471e-04 1.316857e+12
1.128698e-04 1.254956e+12
1.128925e-04 1.234798e+12
1.129152e-04 1.221757e+12
1.129379e-04 1.284430e+12
1.129606e-04 1.406900e+12
1.129834e-04 1.543422e+12
1.130061e-04 1.714816e+12
1.130288e-04 1.836305e+12
1.130515e-04 1.903687e+12
1.130742e-04 1.899108e+12
1.130970e-04 1.888465e+12
1.131197e-04 1.854930e+12
1.131424e-04 1.770091e+12
1.131651e-04 1.696014e+12
1.131879e-04 1.664855e+12
1.132106e-04 1.594837e+12
1.132333e-04 1.499265e+12
1.132561e-04 1.374427e+12
1.132788e-04 1.248011e+12
1.133015e-04 1.185654e+12
1.133243e-04 1.085290e+12
1.133470e-04 1.088639e+12
1.133698e-04 1.053466e+12
1.133925e-04 9.800692e+11
1.134153e-04 9.595905e+11
1.134380e-04 1.020846e+12
1.134607e-04 1.119207e+12
1.134835e-04 1.215728e+12
1.135062e-04 1.249468e+12
1.135290e-04 1.280155e+12
1.135518e-04 1.374599e+12
1.135745e-04 1.480840e+12
1.135973e-04 1.601599e+12
1.136200e-04 1.750171e+12
1.136428e-04 1.781464e+12
1.136655e-04 1.785566e+12
1.136883e-04 1.764847e+12
1.137111e-04 1.695511e+12
1.137338e-04 1.698034e+12
1.137566e-04 1.667592e+12
1.137794e-04 1.650508e+12
1.138021e-04 1.711022e+12
1.138249e-04 1.820435e+12
1.138477e-04 1.926961e+12
1.138705e-04 1.936997e+12
1.138932e-04 1.849892e+12
1.139160e-04 1.762466e+12
1.139388e-04 1.721392e+12
1.139616e-04 1.721594e+12
1.139843e-04 1.684429e+12
1.140071e-04 1.608401e+12
1.140299e-04 1.578310e+12
1.140527e-04 1.549870e+12
1.140755e-04 1.553964e+12
1.140983e-04 1.611597e+12
1.141211e-04 1.630626e+12
1.141438e-04 1.658979e+12
1.141666e-04 1.723662e+12
1.141894e-04 1.759325e+12
1.142122e-04 1.796316e+12
1.142350e-04 1.840588e+12
1.142578e-04 1.831475e+12
1.142806e-04 1.742874e+12
1.143034e-04 1.624160e+12
1.143262e-04 1.453768e+12
1.143490e-04 1.471442e+12
1.143718e-04 1.890364e+12
1.143946e-04 1.317197e+12
1.144174e-04 1.349855e+12
1.144402e-04 1.357103e+12
1.144630e-04 1.345122e+12
1.144858e-04 1.357734e+12
1.145086e-04 1.363724e+12
1.145314e-04 1.405385e+12
1.145543e-04 1.369046e+12
1.145771e-04 1.314854e+12
1.145999e-04 1.280935e+12
1.146227e-04 1.221534e+12
1.146455e-04 1.217062e+12
1.146683e-04 1.250482e+12
1.146911e-04 1.362717e+12
1.147140e-04 1.552092e+12
1.147368e-04 1.712107e+12
1.147596e-04 1.799032e+12
1.147824e-04 1.769706e+12
1.148052e-04 1.730481e+12
1.148281e-04 1.678435e+12
1.148509e-04 1.630689e+12
1.148737e-04 1.548774e+12
1.148965e-04 1.497063e+12
1.149194e-04 1.439747e+12
1.149422e-04 1.465241e+12
1.149650e-04 1.543306e+12
1.149879e-04 1.631548e+12
1.150107e-04 1.681640e+12
1.150335e-04 1.733493e+12
1.150564e-04 1.723614e+12
1.150792e-04 1.710432e+12
1.151020e-04 1.720160e+12
1.151249e-04 1.686463e+12
1.151477e-04 1.613420e+12
1.151706e-04 1.563927e+12
1.151934e-04 1.571373e+12
1.152162e-04 1.630814e+12
1.152391e-04 1.720251e+12
1.152619e-04 3.123535e+12
1.152848e-04 1.833302e+12
1.153076e-04 1.627627e+12
1.153305e-04 1.581358e+12
1.153533e-04 1.559828e+12
1.153762e-04 1.598254e+12
1.153990e-04 1.692205e+12
1.154218e-04 1.770297e+12
1.154447e-04 1.813309e+12
1.154675e-04 1.794506e+12
1.154904e-04 1.783598e+12
1.155133e-04 1.782755e+12
1.155361e-04 1.826505e+12
1.155590e-04 1.809603e+12
1.155818e-04 1.805017e+12
1.156047e-04 1.938682e+12
1.156275e-04 1.972446e+12
1.156504e-04 1.943726e+12
1.156732e-04 1.907753e+12
1.156961e-04 1.850525e+12
1.157190e-04 1.879220e+12
1.157418e-04 1.898304e+12
1.157647e-04 1.935491e+12
1.157876e-04 1.973727e+12
1.158104e-04 1.962764e+12
1.158333e-04 1.960789e+12
1.158561e-04 1.937136e+12
1.158790e-04 1.953904e+12
1.159019e-04 1.943364e+12
1.159247e-04 1.891144e+12
1.159476e-04 1.891249e+12
1.159705e-04 1.876241e+12
1.159934e-04 1.915629e+12
1.160162e-04 1.943261e+12
1.160391e-04 1.996584e+12
1.160620e-04 2.014215e+12
1.160848e-04 2.013761e+12
1.161077e-04 1.989505e+12
1.161306e-04 2.048333e+12
1.161535e-04 2.048857e+12
1.161763e-04 2.062145e+12
1.161992e-04 2.129843e+12
1.162221e-04 2.176047e+12
1.162450e-04 2.166456e+12
1.162678e-04 2.137335e+12
1.162907e-04 2.168380e+12
1.163136e-04 2.159364e+12
1.163365e-04 2.147814e+12
1.163594e-04 2.151407e+12
1.163822e-04 2.157557e+12
1.164051e-04 2.087918e+12
1.164280e-04 2.080320e+12
1.164509e-04 2.074515e+12
1.164738e-04 2.039376e+12
1.164967e-04 2.020482e+12
1.165195e-04 2.015939e+12
1.165424e-04 2.059431e+12
1.165653e-04 2.072428e+12
1.165882e-04 2.059565e+12
1.166111e-04 2.102393e+12
1.166340e-04 2.123848e+12
1.166569e-04 2.140096e+12
1.166797e-04 2.160096e+12
1.167026e-04 2.175836e+12
1.167255e-04 2.175053e+12
1.167484e-04 2.172805e+12
1.167713e-04 2.180102e+12
1.167942e-04 2.199501e+12
1.168171e-04 2.205247e+12
1.168400e-04 2.212198e+12
1.168629e-04 2.227248e+12
1.168858e-04 2.214075e+12
1.169087e-04 2.236097e+12
1.169316e-04 2.245726e+12
1.169544e-04 2.237111e+12
1.169773e-04 2.207131e+12
1.170002e-04 2.173431e+12
1.170231e-04 2.188102e+12
1.170460e-04 2.238680e+12
1.170689e-04 2.254215e+12
1.170918e-04 2.254902e+12
1.171147e-04 2.289744e+12
1.171376e-04 2.287022e+12
1.171605e-04 2.261469e+12
1.171834e-04 2.255297e+12
1.172063e-04 2.244909e+12
1.172292e-04 2.213625e+12
1.172521e-04 2.214610e+12
1.172750e-04 2.156322e+12
1.172979e-04 2.138065e+12
1.173208e-04 2.101474e+12
1.173437e-04 2.074043e+12
1.173666e-04 2.109799e+12
1.173895e-04 2.162714e+12
1.174124e-04 2.201209e+12
1.174353e-04 2.242629e+12
1.174582e-04 2.235104e+12
1.174811e-04 2.263651e+12
1.175040e-04 2.275999e+12
1.175269e-04 2.313790e+12
1.175498e-04 2.371029e+12
1.175727e-04 2.399128e+12
1.175956e-04 2.412001e+12
1.176185e-04 2.416105e+12
1.176414e-04 2.318679e+12
1.176643e-04 2.326058e+12
1.176872e-04 2.240227e+12
1.177102e-04 2.249810e+12
1.177331e-04 2.302570e+12
1.177560e-04 2.349260e+12
1.177789e-04 2.425340e+12
1.178018e-04 2.483801e+12
1.178247e-04 2.523397e+12
1.178476e-04 2.552889e+12
1.178705e-04 2.555461e+12
1.178934e-04 2.581462e+12
1.179163e-04 2.594762e+12
1.179392e-04 2.627801e+12
1.179621e-04 2.682136e+12
1.179850e-04 2.705180e+12
1.180079e-04 2.715460e+12
1.180308e-04 2.720678e+12
1.180537e-04 2.712962e+12
1.180767e-04 2.655567e+12
1.180996e-04 2.583603e+12
1.181225e-04 2.568186e+12
1.181454e-04 2.584150e+12
1.181683e-04 2.621211e+12
1.181912e-04 2.663876e+12
1.182141e-04 2.744079e+12
1.182370e-04 2.767960e+12
1.182599e-04 2.785730e+12
1.182828e-04 2.854687e+12
1.183057e-04 2.866415e+12
1.183286e-04 2.822434e+12
1.183516e-04 2.784864e+12
1.183745e-04 2.784565e+12
1.183974e-04 2.766261e+12
1.184203e-04 2.764042e+12
1.184432e-04 2.789985e+12
1.184661e-04 2.806691e+12
1.184890e-04 2.851240e+12
1.185119e-04 2.898975e+12
1.185348e-04 2.943060e+12
1.185577e-04 2.949794e+12
1.185806e-04 2.936220e+12
1.186035e-04 2.905210e+12
1.186265e-04 2.901297e+12
1.186494e-04 2.866021e+12
1.186723e-04 2.820780e+12
1.186952e-04 2.787442e+12
1.187181e-04 2.793972e+12
1.187410e-04 2.739411e+12
1.187639e-04 2.763253e+12
1.187868e-04 2.790247e+12
1.188097e-04 2.828574e+12
1.188326e-04 2.864499e+12
1.188555e-04 2.898874e+12
1.188784e-04 2.908545e+12
1.189014e-04 2.932207e+12
1.189243e-04 2.928120e+12
1.189472e-04 2.923121e+12
1.189701e-04 2.893219e+12
1.189930e-04 2.879083e+12
1.190159e-04 2.860517e+12
1.190388e-04 2.852968e+12
1.190617e-04 2.870744e+12
1.190846e-04 2.881185e+12
1.191075e-04 2.876315e+12
1.191304e-04 2.882794e+12
1.191533e-04 2.871912e+12
1.191762e-04 2.874388e+12
1.191991e-04 2.836178e+12
1.192220e-04 2.820945e+12
1.192449e-04 2.801507e+12
1.192678e-04 2.787345e+12
1.192908e-04 2.742195e+12
1.193137e-04 2.628740e+12
1.193366e-04 2.735459e+12
1.193595e-04 2.729190e+12
1.193824e-04 2.693294e+12
1.194053e-04 2.668307e+12
1.194282e-04 2.596842e+12
1.194511e-04 2.601582e+12
1.194740e-04 2.581412e+12
1.194969e-04 2.564067e+12
1.195198e-04 2.530223e+12
1.195427e-04 2.525688e+12
1.195656e-04 2.530625e+12
1.195885e-04 2.518302e+12
1.196114e-04 2.468482e+12
1.196343e-04 2.521419e+12
1.196572e-04 2.377350e+12
1.196801e-04 2.373364e+12
1.197030e-04 2.359544e+12
1.197259e-04 2.389288e+12
1.197488e-04 2.746449e+12
1.197717e-04 2.250475e+12
1.197946e-04 2.253268e+12
1.198175e-04 2.230510e+12
1.198404e-04 2.186088e+12
1.198633e-04 2.187892e+12
1.198862e-04 2.165296e+12
1.199090e-04 2.190502e+12
1.199319e-04 2.111796e+12
1.199548e-04 2.126787e+12
1.199777e-04 2.112401e+12
1.200006e-04 2.000283e+12
1.200235e-04 2.051393e+12
1.200464e-04 2.009592e+12
1.200693e-04 2.007431e+12
1.200922e-04 2.020692e+12
1.201151e-04 2.003762e+12
1.201380e-04 1.967519e+12
1.201609e-04 1.972039e+12
1.201838e-04 1.932163e+12
1.202066e-04 1.939660e+12
1.202295e-04 1.916921e+12
1.202524e-04 1.892481e+12
1.202753e-04 1.857986e+12
1.202982e-04 1.840520e+12
1.203211e-04 1.833740e+12
1.203440e-04 1.795707e+12
1.203669e-04 1.809969e+12
1.203897e-04 1.805762e+12
1.204126e-04 1.770545e+12
1.204355e-04 1.750747e+12
1.204584e-04 1.762426e+12
1.204813e-04 1.742473e+12
1.205042e-04 1.713785e+12
1.205270e-04 1.723353e+12
1.205499e-04 1.726411e+12
1.205728e-04 1.721651e+12
1.205957e-04 1.722943e+12
1.206186e-04 1.755513e+12
1.206414e-04 1.676744e+12
1.206643e-04 1.666758e+12
1.206872e-04 1.658638e+12
1.207101e-04 1.635612e+12
