1.427365e-04 1.439749e+11
1.427689e-04 1.463445e+11
1.428013e-04 1.144639e+11
1.428337e-04 1.515023e+11
1.428661e-04 1.478684e+11
1.428986e-04 1.461894e+11
1.429310e-04 1.462084e+11
1.429634e-04 1.460416e+11
1.429959e-04 1.414365e+11
1.430283e-04 1.994626e+11
1.430608e-04 1.558082e+11
1.430933e-04 1.485385e+11
1.431257e-04 1.518174e+11
1.431582e-04 1.567419e+11
1.431907e-04 1.494068e+11
1.432232e-04 1.377834e+11
1.432557e-04 1.565110e+11
1.432882e-04 1.565158e+11
1.433207e-04 1.409870e+11
1.433532e-04 1.542792e+11
1.433857e-04 1.546753e+11
1.434182e-04 1.518764e+11
1.434507e-04 1.549917e+11
1.434833e-04 1.579388e+11
1.435158e-04 1.637720e+11
1.435483e-04 1.694631e+11
1.435809e-04 1.622077e+11
1.436134e-04 1.661484e+11
1.436460e-04 1.647660e+11
1.436785e-04 1.681432e+11
1.437111e-04 1.636830e+11
1.437437e-04 1.754648e+11
1.437763e-04 1.771513e+11
1.438088e-04 1.740030e+11
1.438414e-04 1.543936e+11
1.438740e-04 1.648537e+11
1.439066e-04 1.727956e+11
1.439392e-04 1.709174e+11
1.439718e-04 1.648084e+11
1.440044e-04 1.678085e+11
1.440371e-04 1.777915e+11
1.440697e-04 1.498264e+11
1.441023e-04 1.589858e+11
1.441349e-04 1.760108e+11
1.441676e-04 1.754864e+11
1.442002e-04 1.741574e+11
1.442329e-04 1.710882e+11
1.442655e-04 1.720571e+11
1.442982e-04 1.721429e+11
1.443309e-04 1.621847e+11
1.443635e-04 1.479062e+11
1.443962e-04 1.679561e+11
1.444289e-04 1.688021e+11
1.444616e-04 1.636528e+11
1.444943e-04 1.586475e+11
1.445270e-04 1.349570e+11
1.445597e-04 1.421464e+11
1.445924e-04 1.571464e+11
1.446251e-04 1.694684e+11
1.446578e-04 1.680321e+11
1.446905e-04 1.439451e+11
1.447233e-04 1.485754e+11
1.447560e-04 1.727014e+11
1.447887e-04 1.716400e+11
1.448215e-04 1.595128e+11
1.448542e-04 1.581004e+11
1.448870e-04 1.755204e+11
1.449197e-04 1.782847e+11
1.449525e-04 1.800415e+11
1.449853e-04 1.790882e+11
1.450181e-04 1.801288e+11
1.450508e-04 1.780213e+11
1.450836e-04 1.760364e+11
1.451164e-04 1.625233e+11
1.451492e-04 1.761473e+11
1.451820e-04 1.725301e+11
1.452148e-04 1.696226e+11
1.452476e-04 1.682399e+11
1.452804e-04 1.787152e+11
1.453133e-04 1.848432e+11
1.453461e-04 1.791820e+11
1.453789e-04 1.784347e+11
1.454117e-04 1.871387e+11
1.454446e-04 1.881324e+11
1.454774e-04 1.666420e+11
1.455103e-04 1.681454e+11
1.455431e-04 1.956958e+11
1.455760e-04 1.964341e+11
1.456089e-04 1.838121e+11
1.456417e-04 1.792490e+11
1.456746e-04 1.790031e+11
1.457075e-04 2.029222e+11
1.457404e-04 1.875754e+11
1.457733e-04 1.635022e+11
1.458062e-04 2.010905e+11
1.458391e-04 1.958626e+11
1.458720e-04 2.077930e+11
1.459049e-04 2.032209e+11
1.459378e-04 1.978401e+11
1.459707e-04 1.982623e+11
1.460037e-04 1.952386e+11
1.460366e-04 2.096782e+11
1.460695e-04 2.136871e+11
1.461025e-04 2.156443e+11
1.461354e-04 2.110919e+11
1.461684e-04 2.123138e+11
1.462013e-04 2.073726e+11
1.462343e-04 1.961391e+11
1.462672e-04 2.041736e+11
1.463002e-04 2.060832e+11
1.463332e-04 1.827333e+11
1.463662e-04 2.044377e+11
1.463992e-04 2.181827e+11
1.464322e-04 2.137532e+11
1.464651e-04 2.207136e+11
1.464981e-04 2.184480e+11
1.465312e-04 2.273132e+11
1.465642e-04 2.226417e+11
1.465972e-04 2.263791e+11
1.466302e-04 2.243477e+11
1.466632e-04 2.276166e+11
1.466963e-04 2.269220e+11
1.467293e-04 2.328098e+11
1.467623e-04 2.380102e+11
1.467954e-04 2.486916e+11
1.468284e-04 2.398003e+11
1.468615e-04 2.427521e+11
1.468945e-04 2.365564e+11
1.469276e-04 2.442280e+11
1.469607e-04 2.500835e+11
1.469937e-04 2.425030e+11
1.470268e-04 2.428221e+11
1.470599e-04 2.493312e+11
1.470930e-04 2.567183e+11
1.471261e-04 2.504142e+11
1.471592e-04 2.494911e+11
1.471923e-04 2.566979e+11
1.472254e-04 2.510136e+11
1.472585e-04 2.651604e+11
1.472916e-04 2.716681e+11
1.473247e-04 4.258616e+11
1.473579e-04 2.962354e+11
1.473910e-04 2.784322e+11
1.474241e-04 3.095745e+11
1.474573e-04 3.182885e+11
1.474904e-04 3.046933e+11
1.475236e-04 2.875127e+11
1.475567e-04 2.689332e+11
1.475899e-04 2.717663e+11
1.476230e-04 2.935440e+11
1.476562e-04 3.059263e+11
1.476894e-04 3.005928e+11
1.477226e-04 3.152393e+11
1.477557e-04 3.184455e+11
1.477889e-04 3.300786e+11
1.478221e-04 3.522730e+11
1.478553e-04 3.545765e+11
1.478885e-04 3.396579e+11
1.479217e-04 3.192532e+11
1.479549e-04 3.118585e+11
1.479882e-04 3.384177e+11
1.480214e-04 3.522235e+11
1.480546e-04 3.978528e+11
1.480878e-04 3.983321e+11
1.481211e-04 3.872177e+11
1.481543e-04 3.784860e+11
1.481875e-04 4.421803e+11
1.482208e-04 4.736363e+11
1.482540e-04 4.943165e+11
1.482873e-04 5.102156e+11
1.483206e-04 5.020371e+11
1.483538e-04 5.041840e+11
1.483871e-04 4.826531e+11
1.484204e-04 5.090861e+11
1.484537e-04 5.482243e+11
1.484869e-04 5.596923e+11
1.485202e-04 5.624789e+11
1.485535e-04 5.611792e+11
1.485868e-04 5.353930e+11
1.486201e-04 5.126665e+11
1.486534e-04 5.717681e+11
1.486868e-04 5.984519e+11
1.487201e-04 6.321601e+11
1.487534e-04 6.748114e+11
1.487867e-04 7.470868e+11
1.488201e-04 8.466299e+11
1.488534e-04 8.447163e+11
1.488867e-04 1.361824e+12
1.489201e-04 1.139210e+12
1.489534e-04 1.022068e+12
1.489868e-04 1.151498e+12
1.490201e-04 1.156736e+12
1.490535e-04 1.100839e+12
1.490869e-04 1.038394e+12
1.491202e-04 1.024281e+12
1.491536e-04 1.075174e+12
1.491870e-04 1.146734e+12
1.492204e-04 1.190679e+12
1.492538e-04 1.272524e+12
1.492872e-04 1.352534e+12
1.493206e-04 1.416417e+12
1.493540e-04 1.412322e+12
1.493874e-04 1.404935e+12
1.494208e-04 1.408876e+12
1.494542e-04 1.378943e+12
1.494876e-04 1.382641e+12
1.495210e-04 1.469260e+12
1.495545e-04 1.350244e+12
1.495879e-04 1.411665e+12
1.496214e-04 1.647960e+12
1.496548e-04 1.739146e+12
1.496882e-04 1.730560e+12
1.497217e-04 1.670349e+12
1.497552e-04 1.616829e+12
1.497886e-04 1.681141e+12
1.498221e-04 1.776319e+12
1.498555e-04 1.789116e+12
1.498890e-04 1.794834e+12
1.499225e-04 1.841903e+12
1.499560e-04 1.948423e+12
1.499895e-04 1.982068e+12
1.500230e-04 2.001465e+12
1.500565e-04 1.999712e+12
1.500900e-04 1.972006e+12
1.501235e-04 1.897380e+12
1.501570e-04 1.851752e+12
1.501905e-04 1.862170e+12
1.502240e-04 1.798347e+12
1.502575e-04 1.761867e+12
1.502911e-04 1.675670e+12
1.503246e-04 1.584850e+12
1.503581e-04 1.549321e+12
1.503917e-04 1.605601e+12
1.504252e-04 1.701980e+12
1.504588e-04 1.832215e+12
1.504923e-04 1.954295e+12
1.505259e-04 2.060822e+12
1.505594e-04 2.102854e+12
1.505930e-04 2.154756e+12
1.506266e-04 2.181208e+12
1.506601e-04 2.120661e+12
1.506937e-04 2.043885e+12
1.507273e-04 2.034777e+12
1.507609e-04 1.914812e+12
1.507945e-04 1.800760e+12
1.508281e-04 1.886765e+12
1.508617e-04 1.820923e+12
1.508953e-04 2.009266e+12
1.509289e-04 2.150082e+12
1.509625e-04 2.091713e+12
1.509961e-04 2.075221e+12
1.510297e-04 2.097828e+12
1.510634e-04 2.109746e+12
1.510970e-04 2.131090e+12
1.511306e-04 2.163665e+12
1.511643e-04 2.140947e+12
1.511979e-04 2.084708e+12
1.512315e-04 2.028752e+12
1.512652e-04 1.995939e+12
1.512988e-04 1.974112e+12
1.513325e-04 1.966443e+12
1.513662e-04 1.991336e+12
1.513998e-04 2.061996e+12
1.514335e-04 2.139289e+12
1.514672e-04 2.180498e+12
1.515009e-04 2.202441e+12
1.515345e-04 2.151132e+12
1.515682e-04 2.088028e+12
1.516019e-04 2.060185e+12
1.516356e-04 2.036394e+12
1.516693e-04 2.063785e+12
1.517030e-04 2.038454e+12
1.517367e-04 2.077495e+12
1.517704e-04 2.130377e+12
1.518042e-04 2.091635e+12
1.518379e-04 2.041141e+12
1.518716e-04 2.012573e+12
1.519053e-04 2.090917e+12
1.519391e-04 2.106127e+12
1.519728e-04 2.113433e+12
1.520065e-04 2.175621e+12
1.520403e-04 2.241429e+12
1.520740e-04 2.197667e+12
1.521078e-04 2.147119e+12
1.521415e-04 2.197660e+12
1.521753e-04 2.238438e+12
1.522091e-04 2.283660e+12
1.522428e-04 2.597586e+12
1.522766e-04 2.216276e+12
1.523104e-04 2.220726e+12
1.523442e-04 2.225300e+12
1.523780e-04 2.210142e+12
1.524118e-04 2.138430e+12
1.524455e-04 2.145967e+12
1.524793e-04 2.189734e+12
1.525131e-04 2.191207e+12
1.525470e-04 2.195441e+12
1.525808e-04 2.960099e+12
1.526146e-04 2.191193e+12
1.526484e-04 2.164120e+12
1.526822e-04 2.187736e+12
1.527160e-04 2.194812e+12
1.527499e-04 2.230241e+12
1.527837e-04 2.254468e+12
1.528175e-04 2.225069e+12
1.528514e-04 2.223064e+12
1.528852e-04 2.220751e+12
1.529191e-04 2.207517e+12
1.529529e-04 2.211481e+12
1.529868e-04 2.226515e+12
1.530206e-04 2.212564e+12
1.530545e-04 2.148691e+12
1.530884e-04 2.171659e+12
1.531223e-04 2.203473e+12
1.531561e-04 2.235841e+12
1.531900e-04 2.239782e+12
1.532239e-04 2.245930e+12
1.532578e-04 2.252615e+12
1.532917e-04 2.217087e+12
1.533256e-04 2.209876e+12
1.533595e-04 2.215440e+12
1.533934e-04 2.196188e+12
1.534273e-04 2.214861e+12
1.534612e-04 2.210620e+12
1.534951e-04 2.185167e+12
1.535290e-04 2.204614e+12
1.535630e-04 2.228246e+12
1.535969e-04 2.210748e+12
1.536308e-04 2.211131e+12
1.536648e-04 2.231590e+12
1.536987e-04 3.118572e+12
1.537326e-04 2.498375e+12
1.537666e-04 2.257656e+12
1.538005e-04 2.238561e+12
1.538345e-04 2.241253e+12
1.538684e-04 2.240081e+12
1.539024e-04 2.234923e+12
1.539364e-04 2.227169e+12
1.539703e-04 2.228377e+12
1.540043e-04 2.231632e+12
1.540383e-04 2.209886e+12
1.540723e-04 2.206680e+12
1.541063e-04 2.193437e+12
1.541402e-04 2.187361e+12
1.541742e-04 2.158655e+12
1.542082e-04 2.196570e+12
1.542422e-04 2.174850e+12
1.542762e-04 2.186895e+12
1.543102e-04 2.214644e+12
1.543443e-04 2.501377e+12
1.543783e-04 2.381403e+12
1.544123e-04 2.190077e+12
1.544463e-04 2.187838e+12
1.544803e-04 2.230912e+12
1.545144e-04 2.246919e+12
1.545484e-04 2.243320e+12
1.545824e-04 2.239135e+12
1.546165e-04 2.231810e+12
1.546505e-04 2.234420e+12
1.546846e-04 2.252903e+12
1.547186e-04 2.246473e+12
1.547527e-04 2.252902e+12
1.547867e-04 2.276419e+12
1.548208e-04 2.265414e+12
1.548549e-04 2.244558e+12
1.548889e-04 2.209620e+12
1.549230e-04 2.223434e+12
1.549571e-04 2.256592e+12
1.549912e-04 2.247560e+12
1.550253e-04 2.253702e+12
1.550593e-04 2.251406e+12
1.550934e-04 2.235004e+12
1.551275e-04 2.242118e+12
1.551616e-04 2.239460e+12
1.551957e-04 2.219043e+12
1.552298e-04 2.241706e+12
1.552639e-04 2.248232e+12
1.552981e-04 2.216546e+12
1.553322e-04 2.194512e+12
1.553663e-04 2.192928e+12
1.554004e-04 2.187162e+12
1.554345e-04 2.178073e+12
1.554687e-04 2.186352e+12
1.555028e-04 2.192146e+12
1.555370e-04 2.194381e+12
1.555711e-04 2.184278e+12
1.556052e-04 2.188420e+12
1.556394e-04 2.200304e+12
1.556735e-04 2.191125e+12
1.557077e-04 2.202618e+12
1.557419e-04 2.221185e+12
1.557760e-04 2.225432e+12
1.558102e-04 2.210406e+12
1.558444e-04 2.223179e+12
1.558785e-04 2.220461e+12
1.559127e-04 2.229611e+12
1.559469e-04 2.233309e+12
1.559811e-04 2.225992e+12
1.560153e-04 2.218691e+12
1.560495e-04 2.214173e+12
1.560837e-04 2.217618e+12
1.561179e-04 2.417752e+12
1.561521e-04 2.655576e+12
1.561863e-04 2.237055e+12
1.562205e-04 2.215263e+12
1.562547e-04 2.196925e+12
1.562889e-04 2.210248e+12
1.563231e-04 2.166580e+12
1.563573e-04 2.191620e+12
1.563916e-04 2.215461e+12
1.564258e-04 2.213361e+12
1.564600e-04 2.358799e+12
1.564943e-04 2.996980e+12
1.565285e-04 2.192990e+12
1.565627e-04 2.176047e+12
1.565970e-04 2.172245e+12
1.566312e-04 2.160420e+12
1.566655e-04 2.159061e+12
1.566998e-04 2.154662e+12
1.567340e-04 2.143982e+12
1.567683e-04 2.133403e+12
1.568025e-04 2.108880e+12
1.568368e-04 2.099800e+12
1.568711e-04 2.075541e+12
1.569054e-04 2.098660e+12
1.569397e-04 2.030361e+12
1.569739e-04 1.993888e+12
1.570082e-04 1.933750e+12
1.570425e-04 1.871370e+12
1.570768e-04 1.957336e+12
1.571111e-04 1.962299e+12
1.571454e-04 1.943885e+12
1.571797e-04 1.962261e+12
1.572140e-04 1.979063e+12
1.572483e-04 1.989093e+12
1.572826e-04 1.977632e+12
1.573170e-04 1.995658e+12
1.573513e-04 2.044456e+12
1.573856e-04 2.048734e+12
1.574199e-04 2.064202e+12
1.574543e-04 2.077888e+12
1.574886e-04 2.085397e+12
1.575229e-04 2.097221e+12
1.575573e-04 2.072167e+12
1.575916e-04 2.074695e+12
1.576260e-04 2.011807e+12
1.576603e-04 2.047553e+12
1.576947e-04 2.002930e+12
1.577290e-04 2.017499e+12
1.577634e-04 2.026174e+12
1.577977e-04 2.026064e+12
1.578321e-04 2.040014e+12
1.578665e-04 2.036726e+12
1.579009e-04 2.040551e+12
1.579352e-04 2.012549e+12
1.579696e-04 2.047718e+12
1.580040e-04 2.049523e+12
1.580384e-04 2.059159e+12
1.580728e-04 2.089122e+12
1.581072e-04 2.065953e+12
1.581416e-04 2.074479e+12
1.581760e-04 2.079228e+12
1.582104e-04 2.092104e+12
1.582448e-04 2.073580e+12
1.582792e-04 2.063973e+12
1.583136e-04 2.047224e+12
1.583480e-04 2.082580e+12
1.583824e-04 2.068970e+12
1.584168e-04 2.050503e+12
1.584513e-04 2.078118e+12
1.584857e-04 2.058122e+12
1.585201e-04 2.037465e+12
1.585545e-04 2.029881e+12
1.585890e-04 2.036725e+12
1.586234e-04 1.989560e+12
1.586579e-04 1.960579e+12
1.586923e-04 1.949899e+12
1.587268e-04 1.993250e+12
1.587612e-04 1.998634e+12
1.587957e-04 1.990352e+12
1.588301e-04 1.991503e+12
1.588646e-04 1.973312e+12
1.588991e-04 1.980203e+12
1.589335e-04 1.988156e+12
1.589680e-04 2.002229e+12
1.590025e-04 2.009948e+12
1.590369e-04 2.015796e+12
1.590714e-04 2.024684e+12
1.591059e-04 2.040357e+12
1.591404e-04 2.047919e+12
1.591749e-04 2.039034e+12
1.592094e-04 2.055573e+12
1.592439e-04 2.061116e+12
1.592784e-04 2.051295e+12
1.593129e-04 2.060981e+12
1.593474e-04 2.060078e+12
1.593819e-04 2.079590e+12
1.594164e-04 2.090084e+12
1.594509e-04 2.074974e+12
1.594854e-04 2.071575e+12
1.595199e-04 2.063716e+12
1.595545e-04 2.045384e+12
1.595890e-04 2.058834e+12
1.596235e-04 2.061025e+12
1.596580e-04 2.057943e+12
1.596926e-04 2.048396e+12
1.597271e-04 2.046036e+12
1.597616e-04 2.051385e+12
1.597962e-04 2.046860e+12
1.598307e-04 2.015006e+12
1.598653e-04 2.001773e+12
1.598998e-04 1.979987e+12
1.599344e-04 1.964737e+12
1.599689e-04 1.976248e+12
1.600035e-04 1.959886e+12
1.600381e-04 1.940016e+12
1.600726e-04 1.926365e+12
1.601072e-04 1.914848e+12
1.601418e-04 1.879838e+12
1.601763e-04 1.881899e+12
1.602109e-04 1.877990e+12
1.602455e-04 1.854608e+12
1.602801e-04 1.860000e+12
1.603147e-04 1.856123e+12
1.603493e-04 1.885231e+12
1.603839e-04 1.902897e+12
1.604185e-04 1.911490e+12
1.604531e-04 1.909283e+12
1.604877e-04 1.949299e+12
1.605223e-04 1.971162e+12
1.605569e-04 1.958706e+12
1.605915e-04 1.926161e+12
1.606261e-04 1.910365e+12
1.606607e-04 1.902119e+12
1.606953e-04 1.870201e+12
1.607299e-04 1.842496e+12
1.607646e-04 1.806838e+12
1.607992e-04 1.822298e+12
1.608338e-04 1.823921e+12
1.608684e-04 1.773195e+12
1.609031e-04 1.784503e+12
1.609377e-04 1.765868e+12
1.609724e-04 1.774033e+12
1.610070e-04 1.778627e+12
1.610416e-04 1.750190e+12
1.610763e-04 1.705425e+12
1.611109e-04 1.701578e+12
1.611456e-04 1.748321e+12
1.611803e-04 1.792215e+12
1.612149e-04 1.810450e+12
1.612496e-04 1.810797e+12
1.612842e-04 1.819215e+12
1.613189e-04 1.851961e+12
1.613536e-04 1.867681e+12
1.613883e-04 1.871390e+12
1.614229e-04 1.871701e+12
1.614576e-04 1.892069e+12
1.614923e-04 1.904071e+12
1.615270e-04 1.903900e+12
1.615617e-04 1.906576e+12
1.615964e-04 1.923983e+12
1.616310e-04 1.917274e+12
1.616657e-04 1.893460e+12
1.617004e-04 1.911518e+12
1.617351e-04 1.915329e+12
1.617698e-04 1.932188e+12
1.618045e-04 1.947595e+12
1.618393e-04 1.937119e+12
1.618740e-04 1.939017e+12
1.619087e-04 1.952101e+12
1.619434e-04 1.951448e+12
1.619781e-04 1.953309e+12
1.620128e-04 1.940075e+12
1.620476e-04 1.943761e+12
1.620823e-04 1.943113e+12
1.621170e-04 1.936849e+12
1.621517e-04 1.925864e+12
1.621865e-04 1.948864e+12
1.622212e-04 2.102679e+12
1.622560e-04 2.330746e+12
1.622907e-04 1.932495e+12
1.623254e-04 1.925720e+12
1.623602e-04 1.921241e+12
1.623949e-04 1.937100e+12
1.624297e-04 1.926307e+12
1.624644e-04 1.918111e+12
1.624992e-04 1.858961e+12
1.625340e-04 1.921306e+12
1.625687e-04 1.919657e+12
1.626035e-04 1.921447e+12
1.626383e-04 1.913342e+12
1.626730e-04 1.925738e+12
1.627078e-04 1.922304e+12
1.627426e-04 2.075869e+12
1.627774e-04 2.400455e+12
1.628121e-04 1.902459e+12
1.628469e-04 1.895937e+12
1.628817e-04 1.902991e+12
1.629165e-04 1.901359e+12
1.629513e-04 1.885677e+12
1.629861e-04 1.896257e+12
1.630209e-04 1.868301e+12
1.630557e-04 1.857659e+12
1.630905e-04 1.864446e+12
1.631253e-04 1.870965e+12
1.631601e-04 1.853166e+12
1.631949e-04 1.823535e+12
1.632297e-04 1.842803e+12
1.632645e-04 1.843710e+12
1.632993e-04 1.850180e+12
1.633341e-04 1.856254e+12
1.633690e-04 1.813347e+12
1.634038e-04 1.832758e+12
1.634386e-04 1.824450e+12
1.634734e-04 1.814415e+12
1.635083e-04 1.806480e+12
1.635431e-04 1.770954e+12
1.635779e-04 1.796777e+12
1.636128e-04 1.784918e+12
1.636476e-04 1.966664e+12
1.636825e-04 1.764786e+12
1.637173e-04 1.775433e+12
1.637521e-04 1.737127e+12
1.637870e-04 1.751789e+12
1.638218e-04 1.723636e+12
1.638567e-04 1.708764e+12
1.638916e-04 1.686196e+12
1.639264e-04 1.655127e+12
1.639613e-04 1.656792e+12
1.639961e-04 1.641374e+12
1.640310e-04 1.627751e+12
1.640659e-04 1.590349e+12
1.641007e-04 1.638076e+12
1.641356e-04 1.649606e+12
1.641705e-04 1.642666e+12
1.642054e-04 1.644568e+12
1.642403e-04 1.668117e+12
1.642751e-04 1.698170e+12
1.643100e-04 1.707518e+12
1.643449e-04 1.709703e+12
1.643798e-04 1.720145e+12
1.644147e-04 1.736553e+12
1.644496e-04 1.733301e+12
1.644845e-04 1.722190e+12
1.645194e-04 1.750197e+12
1.645543e-04 1.753061e+12
1.645892e-04 1.765843e+12
1.646241e-04 1.747840e+12
1.646590e-04 1.763649e+12
1.646939e-04 1.763420e+12
1.647288e-04 1.760115e+12
1.647637e-04 1.741949e+12
1.647986e-04 1.754446e+12
1.648336e-04 1.760201e+12
1.648685e-04 1.759224e+12
1.649034e-04 1.762186e+12
1.649383e-04 1.767749e+12
1.649733e-04 1.749710e+12
1.650082e-04 1.704144e+12
1.650431e-04 1.728274e+12
1.650780e-04 1.764962e+12
1.651130e-04 1.759110e+12
1.651479e-04 1.727196e+12
1.651829e-04 1.778330e+12
1.652178e-04 1.768056e+12
1.652527e-04 1.763181e+12
1.652877e-04 1.761447e+12
1.653226e-04 1.765366e+12
1.653576e-04 1.759421e+12
1.653925e-04 1.746678e+12
1.654275e-04 1.767767e+12
1.654625e-04 1.760267e+12
1.654974e-04 1.776706e+12
1.655324e-04 1.775505e+12
1.655673e-04 1.754818e+12
1.656023e-04 1.749849e+12
1.656373e-04 1.755909e+12
1.656723e-04 1.776844e+12
1.657072e-04 1.760669e+12
1.657422e-04 1.745555e+12
1.657772e-04 1.718134e+12
1.658122e-04 1.740028e+12
1.658471e-04 1.755579e+12
1.658821e-04 1.752335e+12
1.659171e-04 1.758524e+12
1.659521e-04 1.767296e+12
1.659871e-04 1.753210e+12
1.660221e-04 1.743956e+12
1.660571e-04 1.740350e+12
1.660921e-04 1.749844e+12
1.661271e-04 1.705748e+12
1.661621e-04 1.713943e+12
1.661971e-04 1.715795e+12
1.662321e-04 1.727779e+12
1.662671e-04 1.737481e+12
1.663021e-04 1.717395e+12
1.663371e-04 1.713027e+12
1.663721e-04 1.709764e+12
1.664071e-04 1.786097e+12
1.664421e-04 1.723328e+12
1.664771e-04 1.637036e+12
1.665122e-04 1.570683e+12
1.665472e-04 1.588304e+12
1.665822e-04 1.578885e+12
1.666172e-04 1.549075e+12
1.666523e-04 1.591962e+12
1.666873e-04 1.646748e+12
1.667223e-04 1.648129e+12
1.667574e-04 1.681792e+12
1.667924e-04 1.681165e+12
1.668274e-04 1.661025e+12
1.668625e-04 1.643007e+12
1.668975e-04 1.635004e+12
1.669326e-04 1.655139e+12
1.669676e-04 1.660920e+12
1.670026e-04 1.665944e+12
1.670377e-04 1.637539e+12
1.670727e-04 1.633548e+12
1.671078e-04 1.644500e+12
1.671429e-04 1.644772e+12
1.671779e-04 1.648898e+12
1.672130e-04 1.662776e+12
1.672480e-04 1.649231e+12
1.672831e-04 1.641599e+12
1.673182e-04 1.628180e+12
1.673532e-04 1.609723e+12
1.673883e-04 1.609373e+12
1.674234e-04 1.574162e+12
1.674584e-04 1.605313e+12
1.674935e-04 1.617611e+12
1.675286e-04 1.595711e+12
1.675637e-04 1.584724e+12
1.675987e-04 1.577549e+12
1.676338e-04 1.567609e+12
1.676689e-04 1.563380e+12
1.677040e-04 1.547052e+12
1.677391e-04 1.537654e+12
1.677742e-04 1.542128e+12
1.678093e-04 1.507558e+12
1.678443e-04 1.465171e+12
1.678794e-04 1.480585e+12
1.679145e-04 1.462811e+12
1.679496e-04 1.457838e+12
1.679847e-04 1.435819e+12
1.680198e-04 1.404940e+12
1.680549e-04 1.421830e+12
1.680900e-04 1.423527e+12
1.681251e-04 1.424368e+12
1.681603e-04 1.446631e+12
1.681954e-04 1.453407e+12
1.682305e-04 1.469347e+12
1.682656e-04 1.480391e+12
1.683007e-04 1.470969e+12
1.683358e-04 1.483676e+12
1.683709e-04 1.485666e+12
1.684061e-04 1.499011e+12
1.684412e-04 1.507303e+12
1.684763e-04 1.506533e+12
1.685114e-04 1.526085e+12
1.685466e-04 1.538506e+12
1.685817e-04 1.534296e+12
1.686168e-04 1.559590e+12
1.686519e-04 1.540515e+12
1.686871e-04 1.514978e+12
1.687222e-04 1.535969e+12
1.687574e-04 1.549926e+12
1.687925e-04 1.558648e+12
1.688276e-04 1.556565e+12
1.688628e-04 1.557697e+12
1.688979e-04 1.541101e+12
1.689331e-04 1.529978e+12
1.689682e-04 1.503030e+12
1.690034e-04 1.570123e+12
1.690385e-04 1.777993e+12
1.690737e-04 1.481741e+12
1.691088e-04 1.502833e+12
1.691440e-04 1.523760e+12
1.691791e-04 1.523214e+12
1.692143e-04 1.531778e+12
1.692494e-04 1.534616e+12
1.692846e-04 1.553496e+12
1.693198e-04 1.546351e+12
1.693549e-04 1.538055e+12
1.693901e-04 1.537674e+12
1.694253e-04 1.530314e+12
1.694604e-04 1.526243e+12
1.694956e-04 1.533786e+12
1.695308e-04 1.540815e+12
1.695660e-04 1.527470e+12
1.696011e-04 1.496800e+12
1.696363e-04 1.469494e+12
1.696715e-04 1.458998e+12
1.697067e-04 1.471382e+12
1.697419e-04 1.466558e+12
1.697770e-04 1.482280e+12
1.698122e-04 1.499504e+12
1.698474e-04 1.509752e+12
1.698826e-04 1.510861e+12
1.699178e-04 1.511293e+12
1.699530e-04 1.492360e+12
1.699882e-04 1.477489e+12
1.700234e-04 1.470659e+12
1.700586e-04 1.474669e+12
1.700938e-04 1.476502e+12
1.701290e-04 1.469835e+12
1.701642e-04 1.482831e+12
1.701994e-04 1.494384e+12
1.702346e-04 1.491810e+12
1.702698e-04 1.488739e+12
1.703050e-04 1.474970e+12
1.703402e-04 1.484800e+12
1.703754e-04 1.525284e+12
1.704106e-04 2.453991e+12
1.704458e-04 1.457440e+12
1.704810e-04 1.462981e+12
1.705162e-04 1.479437e+12
1.705515e-04 1.459136e+12
1.705867e-04 1.455309e+12
1.706219e-04 1.440832e+12
1.706571e-04 1.431912e+12
1.706923e-04 1.433767e+12
1.707276e-04 1.384756e+12
1.707628e-04 1.373980e+12
1.707980e-04 1.359672e+12
1.708332e-04 1.388836e+12
1.708685e-04 1.358729e+12
1.709037e-04 1.352127e+12
1.709389e-04 1.396865e+12
1.709742e-04 1.429427e+12
1.710094e-04 1.431466e+12
1.710446e-04 1.430950e+12
1.710799e-04 1.420215e+12
1.711151e-04 1.430908e+12
1.711504e-04 1.447727e+12
1.711856e-04 1.427988e+12
1.712208e-04 1.429819e+12
1.712561e-04 1.410912e+12
1.712913e-04 1.385888e+12
1.713266e-04 1.382286e+12
1.713618e-04 1.368855e+12
1.713971e-04 1.352269e+12
1.714323e-04 1.337129e+12
1.714676e-04 1.357427e+12
1.715028e-04 1.351405e+12
1.715381e-04 1.381306e+12
1.715733e-04 1.371467e+12
1.716086e-04 1.381734e+12
1.716438e-04 1.391241e+12
1.716791e-04 1.379651e+12
1.717144e-04 1.371096e+12
1.717496e-04 1.421932e+12
1.717849e-04 1.421116e+12
1.718202e-04 1.421981e+12
1.718554e-04 1.407495e+12
1.718907e-04 1.410270e+12
1.719260e-04 1.393823e+12
1.719612e-04 1.344432e+12
1.719965e-04 1.351074e+12
1.720318e-04 1.318520e+12
1.720670e-04 1.273687e+12
1.721023e-04 1.270765e+12
1.721376e-04 1.270543e+12
1.721729e-04 1.254940e+12
1.722081e-04 1.294723e+12
1.722434e-04 1.299715e+12
1.722787e-04 1.282277e+12
1.723140e-04 1.265086e+12
1.723493e-04 1.255034e+12
1.723845e-04 1.233622e+12
1.724198e-04 1.228769e+12
1.724551e-04 1.219353e+12
1.724904e-04 1.251007e+12
1.725257e-04 1.261672e+12
1.725610e-04 1.306798e+12
1.725963e-04 1.323764e+12
1.726316e-04 1.325663e+12
1.726669e-04 1.321473e+12
1.727022e-04 1.321358e+12
1.727374e-04 1.314567e+12
1.727727e-04 1.297335e+12
1.728080e-04 1.281690e+12
1.728433e-04 1.286509e+12
1.728786e-04 1.286073e+12
1.729139e-04 1.275518e+12
1.729492e-04 1.294212e+12
1.729845e-04 1.301521e+12
1.730198e-04 1.293203e+12
1.730552e-04 1.252364e+12
1.730905e-04 1.196078e+12
1.731258e-04 1.166292e+12
1.731611e-04 1.147502e+12
1.731964e-04 1.135899e+12
1.732317e-04 1.136026e+12
1.732670e-04 1.153852e+12
1.733023e-04 1.192198e+12
1.733376e-04 1.210874e+12
1.733729e-04 1.207166e+12
1.734083e-04 1.196345e+12
1.734436e-04 1.134677e+12
1.734789e-04 1.109224e+12
1.735142e-04 1.067826e+12
1.735495e-04 1.052396e+12
1.735848e-04 1.021414e+12
1.736202e-04 1.012832e+12
1.736555e-04 1.031834e+12
1.736908e-04 1.058349e+12
1.737261e-04 1.094161e+12
1.737615e-04 1.126579e+12
1.737968e-04 1.137166e+12
1.738321e-04 1.154434e+12
1.738674e-04 1.154089e+12
1.739028e-04 1.157662e+12
1.739381e-04 1.152866e+12
1.739734e-04 1.143526e+12
1.740088e-04 1.115815e+12
1.740441e-04 1.102053e+12
1.740794e-04 1.074516e+12
1.741148e-04 1.107666e+12
1.741501e-04 1.073942e+12
1.741854e-04 1.126162e+12
1.742208e-04 1.180267e+12
1.742561e-04 1.208612e+12
1.742915e-04 1.218111e+12
1.743268e-04 1.200705e+12
1.743621e-04 1.187800e+12
1.743975e-04 1.176887e+12
1.744328e-04 1.169598e+12
1.744682e-04 1.152583e+12
1.745035e-04 1.137007e+12
1.745389e-04 1.133034e+12
1.745742e-04 1.099722e+12
1.746096e-04 1.050753e+12
1.746449e-04 1.006734e+12
1.746802e-04 9.924914e+11
1.747156e-04 1.003141e+12
1.747509e-04 1.032885e+12
1.747863e-04 1.100846e+12
1.748217e-04 1.156453e+12
1.748570e-04 1.188297e+12
1.748924e-04 1.197170e+12
1.749277e-04 1.189773e+12
1.749631e-04 1.188002e+12
1.749984e-04 1.166584e+12
1.750338e-04 1.128654e+12
1.750691e-04 1.129662e+12
1.751045e-04 1.112722e+12
1.751399e-04 1.104572e+12
1.751752e-04 1.111548e+12
1.752106e-04 1.128558e+12
1.752459e-04 1.167647e+12
1.752813e-04 1.179729e+12
1.753167e-04 1.151333e+12
1.753520e-04 1.154517e+12
1.753874e-04 1.130875e+12
1.754228e-04 1.095648e+12
1.754581e-04 1.087589e+12
1.754935e-04 1.065128e+12
1.755289e-04 1.035348e+12
1.755642e-04 1.012615e+12
1.755996e-04 1.016126e+12
1.756350e-04 9.880658e+11
1.756703e-04 9.924006e+11
1.757057e-04 1.000828e+12
1.757411e-04 1.030806e+12
1.757765e-04 1.053380e+12
1.758118e-04 1.098403e+12
1.758472e-04 1.133530e+12
1.758826e-04 1.160833e+12
1.759180e-04 1.154376e+12
1.759533e-04 1.142346e+12
1.759887e-04 1.123879e+12
1.760241e-04 1.099169e+12
1.760595e-04 1.066889e+12
1.760948e-04 1.073190e+12
1.761302e-04 1.022486e+12
1.761656e-04 1.018737e+12
1.762010e-04 1.017045e+12
1.762364e-04 1.018301e+12
1.762717e-04 1.014425e+12
1.763071e-04 1.024755e+12
1.763425e-04 1.027399e+12
1.763779e-04 1.040289e+12
1.764133e-04 1.028647e+12
1.764487e-04 9.889448e+11
1.764840e-04 9.232153e+11
1.765194e-04 8.960536e+11
1.765548e-04 8.655936e+11
1.765902e-04 8.521639e+11
1.766256e-04 8.592677e+11
1.766610e-04 8.730791e+11
1.766964e-04 9.795610e+11
1.767318e-04 1.002693e+12
1.767672e-04 1.016326e+12
1.768025e-04 9.976752e+11
1.768379e-04 9.537069e+11
1.768733e-04 9.524133e+11
1.769087e-04 9.400377e+11
1.769441e-04 9.183332e+11
1.769795e-04 9.015166e+11
1.770149e-04 8.882900e+11
1.770503e-04 9.053960e+11
1.770857e-04 9.104099e+11
1.771211e-04 9.134133e+11
1.771565e-04 9.888000e+11
1.771919e-04 9.021373e+11
1.772273e-04 9.067026e+11
1.772627e-04 8.943459e+11
1.772981e-04 8.558488e+11
1.773335e-04 1.114226e+12
1.773689e-04 7.961078e+11
1.774043e-04 7.378368e+11
1.774397e-04 7.112209e+11
1.774751e-04 7.018762e+11
1.775105e-04 6.907741e+11
1.775459e-04 6.805852e+11
1.775813e-04 6.767230e+11
1.776167e-04 6.334176e+11
1.776521e-04 6.307079e+11
1.776875e-04 6.597025e+11
1.777229e-04 6.319893e+11
1.777583e-04 6.313122e+11
1.777937e-04 5.967096e+11
1.778291e-04 5.654299e+11
1.778645e-04 5.635331e+11
1.778999e-04 5.411057e+11
1.779353e-04 5.470868e+11
1.779707e-04 5.644988e+11
1.780061e-04 5.733392e+11
1.780415e-04 5.601905e+11
1.780769e-04 5.311803e+11
1.781123e-04 5.110746e+11
1.781477e-04 5.009032e+11
1.781832e-04 4.992387e+11
1.782186e-04 5.120084e+11
1.782540e-04 5.168137e+11
1.782894e-04 5.077458e+11
1.783248e-04 4.779813e+11
1.783602e-04 4.291911e+11
1.783956e-04 3.921867e+11
1.784310e-04 3.889786e+11
1.784664e-04 3.529251e+11
1.785018e-04 3.097719e+11
1.785372e-04 3.139507e+11
1.785727e-04 3.402668e+11
1.786081e-04 3.354250e+11
1.786435e-04 3.342064e+11
1.786789e-04 4.031025e+11
1.787143e-04 3.714845e+11
1.787497e-04 3.554681e+11
1.787851e-04 3.551195e+11
1.788206e-04 3.774610e+11
1.788560e-04 3.761340e+11
1.788914e-04 3.568187e+11
1.789268e-04 3.495361e+11
1.789622e-04 3.430629e+11
1.789976e-04 3.228904e+11
1.790330e-04 3.074090e+11
1.790685e-04 2.852651e+11
1.791039e-04 2.676900e+11
1.791393e-04 2.455848e+11
1.791747e-04 2.279838e+11
1.792101e-04 2.065201e+11
1.792455e-04 2.241484e+11
1.792810e-04 2.278677e+11
1.793164e-04 2.328971e+11
1.793518e-04 6.415131e+11
1.793872e-04 3.394985e+11
1.794226e-04 2.089535e+11
1.794580e-04 2.173135e+11
1.794935e-04 2.192333e+11
1.795289e-04 2.167361e+11
1.795643e-04 2.050328e+11
1.795997e-04 1.880529e+11
1.796351e-04 2.090126e+11
1.796705e-04 2.068756e+11
1.797060e-04 2.061916e+11
1.797414e-04 2.040448e+11
1.797768e-04 1.920888e+11
1.798122e-04 1.875502e+11
1.798476e-04 2.016968e+11
1.798831e-04 1.982248e+11
1.799185e-04 1.929132e+11
1.799539e-04 1.806224e+11
1.799893e-04 1.726953e+11
1.800247e-04 1.728818e+11
1.800602e-04 1.674968e+11
1.800956e-04 1.671387e+11
1.801310e-04 1.656134e+11
1.801664e-04 1.633813e+11
1.802018e-04 1.627408e+11
1.802373e-04 1.378488e+11
1.802727e-04 1.481698e+11
1.803081e-04 1.618957e+11
1.803435e-04 1.626833e+11
1.803789e-04 1.663290e+11
1.804144e-04 1.582911e+11
1.804498e-04 1.432327e+11
1.804852e-04 1.496956e+11
1.805206e-04 1.688943e+11
1.805560e-04 1.585536e+11
1.805915e-04 1.512830e+11
1.806269e-04 1.577088e+11
1.806623e-04 1.590950e+11
1.806977e-04 1.579181e+11
1.807331e-04 1.563566e+11
1.807686e-04 1.546355e+11
1.808040e-04 1.461717e+11
1.808394e-04 1.529544e+11
1.808748e-04 1.588851e+11
1.809102e-04 1.574304e+11
1.809457e-04 1.534277e+11
1.809811e-04 1.411032e+11
1.810165e-04 1.330266e+11
1.810519e-04 1.385513e+11
1.810874e-04 1.477492e+11
1.811228e-04 4.888648e+11
1.811582e-04 5.383470e+11
1.811936e-04 1.573737e+11
1.812290e-04 1.470664e+11
1.812645e-04 1.324314e+11
1.812999e-04 1.116924e+11
1.813353e-04 1.303762e+11
1.813707e-04 1.269088e+11
1.814061e-04 1.504680e+11
1.814416e-04 1.518018e+11
1.814770e-04 1.490543e+11
1.815124e-04 1.518597e+11
1.815478e-04 1.525542e+11
1.815832e-04 1.491150e+11
1.816186e-04 1.239074e+11
1.816541e-04 1.112750e+11
1.816895e-04 1.356495e+11
1.817249e-04 1.487547e+11
1.817603e-04 1.512753e+11
1.817957e-04 1.489965e+11
1.818312e-04 1.509136e+11
1.818666e-04 1.376695e+11
1.819020e-04 1.500106e+11
1.819374e-04 1.448928e+11
1.819728e-04 1.421071e+11
1.820082e-04 1.394518e+11
1.820437e-04 1.500933e+11
1.820791e-04 1.512760e+11
1.821145e-04 1.473096e+11
1.821499e-04 1.392396e+11
1.821853e-04 1.255700e+11
1.822207e-04 1.435849e+11
1.822562e-04 1.467844e+11
1.822916e-04 1.336599e+11
1.823270e-04 1.249539e+11
1.823624e-04 1.097133e+11
1.823978e-04 1.292609e+11
1.824332e-04 1.585454e+11
1.824687e-04 1.595917e+11
1.825041e-04 1.576454e+11
1.825395e-04 1.545911e+11
1.825749e-04 1.489227e+11
1.826103e-04 1.431368e+11
1.826457e-04 1.408421e+11
1.826811e-04 1.502878e+11
1.827165e-04 1.542400e+11
1.827520e-04 1.551703e+11
1.827874e-04 1.508157e+11
1.828228e-04 1.535230e+11
1.828582e-04 1.542185e+11
1.828936e-04 1.590327e+11
1.829290e-04 2.886693e+11
1.829644e-04 4.953587e+11
1.829998e-04 1.686839e+11
1.830352e-04 1.661579e+11
1.830707e-04 1.365905e+11
1.831061e-04 1.510042e+11
1.831415e-04 1.572068e+11
1.831769e-04 1.394592e+11
1.832123e-04 1.638756e+11
1.832477e-04 1.686798e+11
1.832831e-04 1.689745e+11
1.833185e-04 1.721452e+11
1.833539e-04 1.487132e+11
1.833893e-04 1.442885e+11
1.834247e-04 1.603354e+11
1.834601e-04 1.549238e+11
1.834955e-04 1.305920e+11
1.835310e-04 1.658172e+11
1.835664e-04 1.701063e+11
1.836018e-04 1.696320e+11
1.836372e-04 1.734732e+11
1.836726e-04 1.780310e+11
1.837080e-04 1.561675e+11
1.837434e-04 1.758159e+11
1.837788e-04 2.081705e+11
1.838142e-04 3.319697e+11
1.838496e-04 1.599001e+11
1.838850e-04 1.836516e+11
1.839204e-04 1.783666e+11
1.839558e-04 1.809743e+11
1.839912e-04 1.859004e+11
1.840266e-04 1.765672e+11
1.840620e-04 1.908717e+11
1.840974e-04 1.878558e+11
