1.206080e-04 1.711399e+12
1.206343e-04 1.735251e+12
1.206605e-04 1.761813e+12
1.206867e-04 1.797506e+12
1.207129e-04 1.831950e+12
1.207392e-04 1.889642e+12
1.207654e-04 1.758004e+12
1.207916e-04 1.793577e+12
1.208179e-04 2.023021e+12
1.208441e-04 2.007802e+12
1.208704e-04 2.032990e+12
1.208966e-04 2.114339e+12
1.209229e-04 2.152227e+12
1.209492e-04 2.226895e+12
1.209754e-04 2.304582e+12
1.210017e-04 2.318716e+12
1.210280e-04 2.312000e+12
1.210543e-04 2.285064e+12
1.210806e-04 2.301260e+12
1.211068e-04 2.342595e+12
1.211331e-04 2.435733e+12
1.211594e-04 2.473464e+12
1.211857e-04 2.522203e+12
1.212120e-04 2.573057e+12
1.212383e-04 2.557019e+12
1.212646e-04 2.586657e+12
1.212910e-04 2.594365e+12
1.213173e-04 2.658709e+12
1.213436e-04 2.642296e+12
1.213699e-04 2.669975e+12
1.213963e-04 2.712528e+12
1.214226e-04 2.752981e+12
1.214489e-04 2.805151e+12
1.214753e-04 2.883593e+12
1.215016e-04 2.919547e+12
1.215280e-04 2.992726e+12
1.215543e-04 2.969716e+12
1.215807e-04 2.941455e+12
1.216070e-04 2.966537e+12
1.216334e-04 3.003316e+12
1.216598e-04 3.048193e+12
1.216861e-04 3.103539e+12
1.217125e-04 3.095927e+12
1.217389e-04 3.082555e+12
1.217653e-04 3.302760e+12
1.217917e-04 3.099681e+12
1.218180e-04 3.066006e+12
1.218444e-04 3.102190e+12
1.218708e-04 3.051465e+12
1.218972e-04 3.083827e+12
1.219236e-04 3.103803e+12
1.219501e-04 3.122936e+12
1.219765e-04 3.138946e+12
1.220029e-04 3.190943e+12
1.220293e-04 3.164045e+12
1.220557e-04 3.144600e+12
1.220822e-04 3.097677e+12
1.221086e-04 3.080490e+12
1.221350e-04 3.127460e+12
1.221615e-04 3.160730e+12
1.221879e-04 3.168081e+12
1.222143e-04 3.156469e+12
1.222408e-04 3.212353e+12
1.222672e-04 3.182679e+12
1.222937e-04 3.183113e+12
1.223202e-04 3.161820e+12
1.223466e-04 3.193504e+12
1.223731e-04 3.226280e+12
1.223996e-04 3.208165e+12
1.224260e-04 3.253291e+12
1.224525e-04 3.199353e+12
1.224790e-04 3.221922e+12
1.225055e-04 3.269625e+12
1.225320e-04 3.263894e+12
1.225585e-04 3.294315e+12
1.225850e-04 3.218384e+12
1.226115e-04 3.202290e+12
1.226380e-04 3.156980e+12
1.226645e-04 3.126948e+12
1.226910e-04 3.220852e+12
1.227175e-04 3.278275e+12
1.227440e-04 3.253138e+12
1.227706e-04 3.223283e+12
1.227971e-04 3.278877e+12
1.228236e-04 3.289067e+12
1.228501e-04 3.271652e+12
1.228767e-04 3.728716e+12
1.229032e-04 3.285680e+12
1.229298e-04 3.250572e+12
1.229563e-04 3.291338e+12
1.229829e-04 3.341432e+12
1.230094e-04 3.340461e+12
1.230360e-04 3.323496e+12
1.230625e-04 3.333278e+12
1.230891e-04 3.346706e+12
1.231157e-04 3.364646e+12
1.231422e-04 4.238592e+12
1.231688e-04 3.454105e+12
1.231954e-04 3.297530e+12
1.232220e-04 3.291422e+12
1.232486e-04 3.315596e+12
1.232751e-04 3.318850e+12
1.233017e-04 3.322065e+12
1.233283e-04 3.356841e+12
1.233549e-04 3.362940e+12
1.233815e-04 3.356071e+12
1.234081e-04 3.354515e+12
1.234348e-04 3.352952e+12
1.234614e-04 3.371848e+12
1.234880e-04 3.358573e+12
1.235146e-04 3.315691e+12
1.235412e-04 3.340052e+12
1.235679e-04 3.351680e+12
1.235945e-04 3.341758e+12
1.236211e-04 3.322889e+12
1.236478e-04 3.323732e+12
1.236744e-04 3.350125e+12
1.237010e-04 3.363152e+12
1.237277e-04 3.367054e+12
1.237543e-04 3.350933e+12
1.237810e-04 3.366500e+12
1.238077e-04 3.363107e+12
1.238343e-04 3.369464e+12
1.238610e-04 3.356974e+12
1.238877e-04 3.354686e+12
1.239143e-04 3.355132e+12
1.239410e-04 3.314919e+12
1.239677e-04 3.325154e+12
1.239944e-04 3.356803e+12
1.240210e-04 4.344451e+12
1.240477e-04 3.796737e+12
1.240744e-04 3.313750e+12
1.241011e-04 3.332346e+12
1.241278e-04 3.365807e+12
1.241545e-04 3.364878e+12
1.241812e-04 3.343615e+12
1.242079e-04 3.320187e+12
1.242347e-04 3.319539e+12
1.242614e-04 3.303020e+12
1.242881e-04 3.279686e+12
1.243148e-04 3.266785e+12
1.243415e-04 3.265056e+12
1.243683e-04 3.281592e+12
1.243950e-04 3.237581e+12
1.244217e-04 3.256120e+12
1.244485e-04 3.266653e+12
1.244752e-04 3.273849e+12
1.245020e-04 3.284862e+12
1.245287e-04 3.578862e+12
1.245555e-04 3.573829e+12
1.245822e-04 3.277758e+12
1.246090e-04 3.230961e+12
1.246357e-04 3.262567e+12
1.246625e-04 3.296804e+12
1.246893e-04 3.293519e+12
1.247160e-04 3.291249e+12
1.247428e-04 3.281290e+12
1.247696e-04 3.262542e+12
1.247964e-04 3.271880e+12
1.248232e-04 3.278697e+12
1.248500e-04 3.260643e+12
1.248767e-04 3.270730e+12
1.249035e-04 3.273642e+12
1.249303e-04 3.267245e+12
1.249571e-04 3.225007e+12
1.249839e-04 3.209820e+12
1.250107e-04 3.260469e+12
1.250376e-04 3.254729e+12
1.250644e-04 3.241476e+12
1.250912e-04 3.247730e+12
1.251180e-04 3.252595e+12
1.251448e-04 3.260128e+12
1.251717e-04 3.251829e+12
1.251985e-04 3.235618e+12
1.252253e-04 3.252999e+12
1.252522e-04 3.258510e+12
1.252790e-04 3.226293e+12
1.253058e-04 3.219551e+12
1.253327e-04 3.219578e+12
1.253595e-04 3.211057e+12
1.253864e-04 3.214521e+12
1.254132e-04 3.235414e+12
1.254401e-04 3.223263e+12
1.254670e-04 3.229963e+12
1.254938e-04 3.187745e+12
1.255207e-04 3.162134e+12
1.255476e-04 3.161068e+12
1.255744e-04 3.157937e+12
1.256013e-04 3.186314e+12
1.256282e-04 3.147861e+12
1.256551e-04 3.128295e+12
1.256820e-04 3.096894e+12
1.257089e-04 3.121287e+12
1.257357e-04 3.109178e+12
1.257626e-04 3.070377e+12
1.257895e-04 3.065438e+12
1.258164e-04 3.055301e+12
1.258433e-04 3.017152e+12
1.258703e-04 3.007832e+12
1.258972e-04 2.983844e+12
1.259241e-04 3.159215e+12
1.259510e-04 3.615846e+12
1.259779e-04 2.954429e+12
1.260048e-04 2.930336e+12
1.260318e-04 2.885063e+12
1.260587e-04 2.897518e+12
1.260856e-04 2.813667e+12
1.261126e-04 2.843133e+12
1.261395e-04 2.851972e+12
1.261664e-04 2.803788e+12
1.261934e-04 2.800457e+12
1.262203e-04 3.927417e+12
1.262473e-04 2.790937e+12
1.262742e-04 2.775765e+12
1.263012e-04 2.761310e+12
1.263282e-04 2.730970e+12
1.263551e-04 2.685800e+12
1.263821e-04 2.694434e+12
1.264091e-04 2.710130e+12
1.264360e-04 2.707599e+12
1.264630e-04 2.699634e+12
1.264900e-04 2.704002e+12
1.265170e-04 2.671304e+12
1.265439e-04 2.763294e+12
1.265709e-04 2.705106e+12
1.265979e-04 2.710290e+12
1.266249e-04 2.668775e+12
1.266519e-04 2.599291e+12
1.266789e-04 2.729354e+12
1.267059e-04 2.706208e+12
1.267329e-04 2.612894e+12
1.267599e-04 2.519714e+12
1.267869e-04 2.369056e+12
1.268139e-04 2.291925e+12
1.268410e-04 2.324343e+12
1.268680e-04 2.418839e+12
1.268950e-04 2.573903e+12
1.269220e-04 2.670083e+12
1.269490e-04 2.708345e+12
1.269761e-04 2.738720e+12
1.270031e-04 2.762168e+12
1.270301e-04 2.763052e+12
1.270572e-04 2.754244e+12
1.270842e-04 2.808365e+12
1.271113e-04 2.741949e+12
1.271383e-04 2.810238e+12
1.271654e-04 2.798341e+12
1.271924e-04 2.774255e+12
1.272195e-04 2.827107e+12
1.272465e-04 2.821557e+12
1.272736e-04 2.844807e+12
1.273007e-04 2.853772e+12
1.273277e-04 2.853444e+12
1.273548e-04 2.811651e+12
1.273819e-04 2.859280e+12
1.274089e-04 2.875226e+12
1.274360e-04 2.857676e+12
1.274631e-04 2.893140e+12
1.274902e-04 2.889944e+12
1.275173e-04 2.840653e+12
1.275444e-04 2.846882e+12
1.275715e-04 2.858686e+12
1.275986e-04 2.873771e+12
1.276257e-04 2.855411e+12
1.276528e-04 2.843001e+12
1.276799e-04 2.885684e+12
1.277070e-04 2.888877e+12
1.277341e-04 2.845249e+12
1.277612e-04 2.853986e+12
1.277883e-04 2.838078e+12
1.278154e-04 2.803367e+12
1.278425e-04 2.778761e+12
1.278697e-04 2.781215e+12
1.278968e-04 2.732313e+12
1.279239e-04 2.694264e+12
1.279510e-04 2.654138e+12
1.279782e-04 2.681406e+12
1.280053e-04 2.666916e+12
1.280325e-04 2.618095e+12
1.280596e-04 2.566007e+12
1.280867e-04 2.480927e+12
1.281139e-04 2.396181e+12
1.281410e-04 2.378357e+12
1.281682e-04 2.409797e+12
1.281954e-04 2.479328e+12
1.282225e-04 2.557392e+12
1.282497e-04 2.614875e+12
1.282768e-04 2.689155e+12
1.283040e-04 2.723707e+12
1.283312e-04 2.746477e+12
1.283583e-04 2.780829e+12
1.283855e-04 2.790937e+12
1.284127e-04 2.813341e+12
1.284399e-04 2.842349e+12
1.284671e-04 2.858945e+12
1.284942e-04 2.912114e+12
1.285214e-04 2.929842e+12
1.285486e-04 2.913856e+12
1.285758e-04 2.908802e+12
1.286030e-04 2.916940e+12
1.286302e-04 2.911997e+12
1.286574e-04 2.913334e+12
1.286846e-04 2.924210e+12
1.287118e-04 2.918589e+12
1.287390e-04 2.910324e+12
1.287662e-04 2.897080e+12
1.287935e-04 2.889647e+12
1.288207e-04 2.896574e+12
1.288479e-04 2.897561e+12
1.288751e-04 2.903784e+12
1.289023e-04 2.906482e+12
1.289296e-04 2.892272e+12
1.289568e-04 2.911723e+12
1.289840e-04 2.937913e+12
1.290113e-04 2.933892e+12
1.290385e-04 2.923105e+12
1.290657e-04 2.912260e+12
1.290930e-04 2.862553e+12
1.291202e-04 2.833747e+12
1.291475e-04 2.860786e+12
1.291747e-04 2.829433e+12
1.292020e-04 2.849824e+12
1.292292e-04 2.843698e+12
1.292565e-04 2.874015e+12
1.292837e-04 2.890558e+12
1.293110e-04 2.880141e+12
1.293383e-04 2.847618e+12
1.293655e-04 2.871409e+12
1.293928e-04 2.878827e+12
1.294201e-04 2.850374e+12
1.294474e-04 2.796550e+12
1.294746e-04 2.776187e+12
1.295019e-04 2.792428e+12
1.295292e-04 2.782388e+12
1.295565e-04 2.791098e+12
1.295838e-04 2.760266e+12
1.296111e-04 2.733794e+12
1.296383e-04 2.730694e+12
1.296656e-04 2.679389e+12
1.296929e-04 2.712376e+12
1.297202e-04 2.722605e+12
1.297475e-04 2.769076e+12
1.297748e-04 2.806633e+12
1.298022e-04 2.806257e+12
1.298295e-04 2.750957e+12
1.298568e-04 2.678245e+12
1.298841e-04 2.665028e+12
1.299114e-04 2.703025e+12
1.299387e-04 2.706522e+12
1.299660e-04 2.653748e+12
1.299934e-04 2.601312e+12
1.300207e-04 2.609798e+12
1.300480e-04 2.645939e+12
1.300754e-04 2.692685e+12
1.301027e-04 2.703533e+12
1.301300e-04 2.709160e+12
1.301574e-04 2.700291e+12
1.301847e-04 2.661784e+12
1.302120e-04 2.621696e+12
1.302394e-04 2.623372e+12
1.302667e-04 2.611146e+12
1.302941e-04 2.526847e+12
1.303214e-04 2.436624e+12
1.303488e-04 2.370500e+12
1.303762e-04 2.414737e+12
1.304035e-04 2.493753e+12
1.304309e-04 2.543980e+12
1.304582e-04 2.585439e+12
1.304856e-04 2.617142e+12
1.305130e-04 2.602763e+12
1.305403e-04 2.572412e+12
1.305677e-04 2.457726e+12
1.305951e-04 2.375065e+12
1.306225e-04 2.364507e+12
1.306499e-04 2.422777e+12
1.306772e-04 2.434772e+12
1.307046e-04 2.470404e+12
1.307320e-04 2.539053e+12
1.307594e-04 3.124104e+12
1.307868e-04 2.520596e+12
1.308142e-04 2.497661e+12
1.308416e-04 2.469198e+12
1.308690e-04 2.392571e+12
1.308964e-04 2.310726e+12
1.309238e-04 2.286642e+12
1.309512e-04 2.177314e+12
1.309786e-04 2.236205e+12
1.310060e-04 2.291530e+12
1.310334e-04 2.357236e+12
1.310608e-04 2.444597e+12
1.310882e-04 2.487224e+12
1.311157e-04 2.459223e+12
1.311431e-04 2.451092e+12
1.311705e-04 3.085316e+12
1.311979e-04 2.304208e+12
1.312254e-04 2.257824e+12
1.312528e-04 2.187127e+12
1.312802e-04 2.161308e+12
1.313077e-04 2.117715e+12
1.313351e-04 2.172015e+12
1.313625e-04 2.163659e+12
1.313900e-04 2.134008e+12
1.314174e-04 2.133705e+12
1.314449e-04 2.149583e+12
1.314723e-04 2.148699e+12
1.314998e-04 2.165359e+12
1.315272e-04 2.267399e+12
1.315547e-04 2.336264e+12
1.315821e-04 2.307611e+12
1.316096e-04 2.259368e+12
1.316370e-04 2.221364e+12
1.316645e-04 2.272586e+12
1.316920e-04 2.340388e+12
1.317194e-04 2.293665e+12
1.317469e-04 2.238933e+12
1.317744e-04 2.105774e+12
1.318018e-04 2.079907e+12
1.318293e-04 2.064000e+12
1.318568e-04 2.231222e+12
1.318843e-04 2.091222e+12
1.319117e-04 2.017922e+12
1.319392e-04 1.982631e+12
1.319667e-04 2.022384e+12
1.319942e-04 2.065064e+12
1.320217e-04 2.108671e+12
1.320492e-04 2.133056e+12
1.320767e-04 2.126020e+12
1.321042e-04 2.190215e+12
1.321317e-04 2.179610e+12
1.321592e-04 2.141777e+12
1.321867e-04 2.025319e+12
1.322142e-04 1.961533e+12
1.322417e-04 1.944822e+12
1.322692e-04 1.945348e+12
1.322967e-04 1.948692e+12
1.323242e-04 1.949600e+12
1.323517e-04 2.013393e+12
1.323792e-04 2.089274e+12
1.324068e-04 2.144929e+12
1.324343e-04 2.167539e+12
1.324618e-04 2.161644e+12
1.324893e-04 2.147922e+12
1.325169e-04 2.099414e+12
1.325444e-04 2.126885e+12
1.325719e-04 2.091207e+12
1.325994e-04 2.038218e+12
1.326270e-04 1.964888e+12
1.326545e-04 1.977857e+12
1.326821e-04 1.969357e+12
1.327096e-04 1.929044e+12
1.327371e-04 1.860095e+12
1.327647e-04 1.776547e+12
1.327922e-04 1.703993e+12
1.328198e-04 1.674460e+12
1.328473e-04 1.675909e+12
1.328749e-04 1.719091e+12
1.329024e-04 1.752218e+12
1.329300e-04 1.716845e+12
1.329575e-04 1.725606e+12
1.329851e-04 1.689260e+12
1.330127e-04 1.587383e+12
1.330402e-04 1.442462e+12
1.330678e-04 1.412202e+12
1.330954e-04 1.373172e+12
1.331229e-04 1.399263e+12
1.331505e-04 1.453156e+12
1.331781e-04 1.513638e+12
1.332056e-04 1.567849e+12
1.332332e-04 1.586909e+12
1.332608e-04 1.571771e+12
1.332884e-04 1.507166e+12
1.333160e-04 1.507145e+12
1.333435e-04 1.559352e+12
1.333711e-04 1.615968e+12
1.333987e-04 1.672864e+12
1.334263e-04 1.735112e+12
1.334539e-04 1.755046e+12
1.334815e-04 1.700022e+12
1.335091e-04 1.651559e+12
1.335367e-04 1.629897e+12
1.335643e-04 1.637816e+12
1.335919e-04 1.656296e+12
1.336195e-04 1.611361e+12
1.336471e-04 1.539042e+12
1.336747e-04 1.490064e+12
1.337023e-04 1.480549e+12
1.337299e-04 1.528947e+12
1.337575e-04 1.574233e+12
1.337851e-04 1.616861e+12
1.338128e-04 1.605330e+12
1.338404e-04 1.637594e+12
1.338680e-04 1.636600e+12
1.338956e-04 1.598822e+12
1.339232e-04 1.498853e+12
1.339509e-04 1.399235e+12
1.339785e-04 1.367924e+12
1.340061e-04 1.399055e+12
1.340337e-04 1.493002e+12
1.340614e-04 1.513767e+12
1.340890e-04 1.464820e+12
1.341166e-04 1.485038e+12
1.341443e-04 1.548329e+12
1.341719e-04 1.553570e+12
1.341995e-04 1.462706e+12
1.342272e-04 1.417962e+12
1.342548e-04 1.394879e+12
1.342825e-04 1.263928e+12
1.343101e-04 1.146787e+12
1.343378e-04 1.027645e+12
1.343654e-04 9.598811e+11
1.343931e-04 9.593368e+11
1.344207e-04 9.899372e+11
1.344484e-04 1.044451e+12
1.344760e-04 1.056105e+12
1.345037e-04 1.048289e+12
1.345314e-04 1.010641e+12
1.345590e-04 9.662977e+11
1.345867e-04 9.656660e+11
1.346143e-04 9.517434e+11
1.346420e-04 8.756114e+11
1.346697e-04 8.029631e+11
1.346974e-04 7.043023e+11
1.347250e-04 6.074609e+11
1.347527e-04 5.524578e+11
1.347804e-04 5.102099e+11
1.348080e-04 5.597126e+11
1.348357e-04 5.830443e+11
1.348634e-04 6.674626e+11
1.348911e-04 6.917984e+11
1.349188e-04 6.518072e+11
1.349465e-04 5.969187e+11
1.349741e-04 5.561828e+11
1.350018e-04 5.176549e+11
1.350295e-04 4.891579e+11
1.350572e-04 4.559494e+11
1.350849e-04 4.445969e+11
1.351126e-04 4.575215e+11
1.351403e-04 4.507851e+11
1.351680e-04 4.194893e+11
1.351957e-04 4.288104e+11
1.352234e-04 4.040023e+11
1.352511e-04 3.871060e+11
1.352788e-04 4.042198e+11
1.353065e-04 3.798991e+11
1.353342e-04 3.791380e+11
1.353619e-04 3.905358e+11
1.353896e-04 3.821668e+11
1.354173e-04 3.770234e+11
1.354450e-04 3.764916e+11
1.354728e-04 3.750536e+11
1.355005e-04 3.730246e+11
1.355282e-04 3.693342e+11
1.355559e-04 3.768545e+11
1.355836e-04 3.704228e+11
1.356114e-04 3.696661e+11
1.356391e-04 3.587343e+11
1.356668e-04 3.282883e+11
1.356945e-04 3.441419e+11
1.357223e-04 3.508942e+11
1.357500e-04 3.535557e+11
1.357777e-04 3.396130e+11
1.358055e-04 3.432409e+11
1.358332e-04 3.435347e+11
1.358609e-04 3.459565e+11
1.358887e-04 3.616167e+11
1.359164e-04 3.527807e+11
1.359441e-04 3.459616e+11
1.359719e-04 3.401597e+11
1.359996e-04 3.383731e+11
1.360274e-04 3.361597e+11
1.360551e-04 3.126391e+11
1.360829e-04 3.416894e+11
1.361106e-04 8.962111e+11
1.361384e-04 3.384081e+11
1.361661e-04 3.321958e+11
1.361939e-04 3.278213e+11
1.362216e-04 3.228400e+11
1.362494e-04 3.187749e+11
1.362771e-04 2.971035e+11
1.363049e-04 3.312313e+11
1.363326e-04 3.364610e+11
1.363604e-04 3.208826e+11
1.363882e-04 3.206057e+11
1.364159e-04 3.017061e+11
1.364437e-04 2.950156e+11
1.364715e-04 3.116350e+11
1.364992e-04 3.116261e+11
1.365270e-04 3.231815e+11
1.365548e-04 3.251705e+11
1.365825e-04 3.150485e+11
1.366103e-04 3.145400e+11
1.366381e-04 3.136075e+11
1.366659e-04 3.106438e+11
1.366936e-04 3.028845e+11
1.367214e-04 2.822030e+11
1.367492e-04 3.062236e+11
1.367770e-04 3.030346e+11
1.368048e-04 3.020723e+11
1.368325e-04 3.087834e+11
1.368603e-04 3.033899e+11
1.368881e-04 2.942200e+11
1.369159e-04 3.022538e+11
1.369437e-04 2.977867e+11
1.369715e-04 2.938555e+11
1.369993e-04 3.006209e+11
1.370271e-04 2.989282e+11
1.370549e-04 2.895860e+11
1.370827e-04 2.924606e+11
1.371105e-04 2.924592e+11
1.371383e-04 2.927112e+11
1.371661e-04 3.029369e+11
1.371939e-04 1.339478e+12
1.372217e-04 5.568439e+11
1.372495e-04 2.940322e+11
1.372773e-04 2.889234e+11
1.373051e-04 2.895311e+11
1.373329e-04 2.747951e+11
1.373607e-04 2.919691e+11
1.373885e-04 2.941528e+11
1.374163e-04 2.984857e+11
1.374441e-04 2.777525e+11
1.374719e-04 2.874617e+11
1.374997e-04 2.750123e+11
1.375276e-04 3.021374e+11
1.375554e-04 2.755487e+11
1.375832e-04 2.189550e+11
1.376110e-04 2.930558e+11
1.376388e-04 2.970127e+11
1.376666e-04 3.051934e+11
1.376945e-04 2.941119e+11
1.377223e-04 2.763086e+11
1.377501e-04 3.009371e+11
1.377779e-04 2.935485e+11
1.378058e-04 2.869187e+11
1.378336e-04 2.830407e+11
1.378614e-04 2.659383e+11
1.378893e-04 2.737309e+11
1.379171e-04 2.708536e+11
1.379449e-04 2.751713e+11
1.379728e-04 2.777399e+11
1.380006e-04 2.539977e+11
1.380284e-04 2.782260e+11
1.380563e-04 2.773609e+11
1.380841e-04 2.730673e+11
1.381119e-04 2.729381e+11
1.381398e-04 2.711164e+11
1.381676e-04 2.748127e+11
1.381955e-04 2.592948e+11
1.382233e-04 2.238329e+11
1.382511e-04 2.690907e+11
1.382790e-04 2.698506e+11
1.383068e-04 2.542555e+11
1.383347e-04 2.700243e+11
1.383625e-04 2.701457e+11
1.383904e-04 2.690015e+11
1.384182e-04 2.446898e+11
1.384461e-04 2.615370e+11
1.384739e-04 2.784845e+11
1.385018e-04 2.719928e+11
1.385297e-04 2.664209e+11
1.385575e-04 2.651561e+11
1.385854e-04 2.307752e+11
1.386132e-04 2.428286e+11
1.386411e-04 2.716328e+11
1.386689e-04 2.583941e+11
1.386968e-04 2.632614e+11
1.387247e-04 2.616513e+11
1.387525e-04 2.745591e+11
1.387804e-04 2.763918e+11
1.388083e-04 2.731448e+11
1.388361e-04 2.783153e+11
1.388640e-04 2.667317e+11
1.388919e-04 2.818283e+11
1.389197e-04 2.906926e+11
1.389476e-04 2.897399e+11
1.389755e-04 2.878086e+11
1.390033e-04 2.867709e+11
1.390312e-04 2.919543e+11
1.390591e-04 3.020433e+11
1.390870e-04 2.907776e+11
1.391148e-04 2.819896e+11
1.391427e-04 2.814089e+11
1.391706e-04 2.579967e+11
1.391985e-04 2.703156e+11
1.392264e-04 2.759405e+11
1.392542e-04 2.701587e+11
1.392821e-04 2.723744e+11
1.393100e-04 2.717272e+11
1.393379e-04 2.745496e+11
1.393658e-04 2.802630e+11
1.393937e-04 2.764277e+11
1.394215e-04 2.715699e+11
1.394494e-04 2.720903e+11
1.394773e-04 2.738647e+11
1.395052e-04 2.678440e+11
1.395331e-04 2.734869e+11
1.395610e-04 2.778283e+11
1.395889e-04 2.491132e+11
1.396168e-04 2.622187e+11
1.396447e-04 2.605212e+11
1.396726e-04 3.032300e+11
1.397005e-04 3.073897e+11
1.397284e-04 3.116171e+11
1.397563e-04 3.159537e+11
1.397841e-04 3.180665e+11
1.398120e-04 3.100650e+11
1.398399e-04 3.010927e+11
1.398678e-04 2.780005e+11
1.398957e-04 2.860150e+11
1.399236e-04 2.775206e+11
1.399516e-04 2.749975e+11
1.399795e-04 2.810212e+11
1.400074e-04 2.792419e+11
1.400353e-04 2.769693e+11
1.400632e-04 2.859157e+11
1.400911e-04 2.455175e+11
1.401190e-04 3.018901e+11
1.401469e-04 2.801181e+11
1.401748e-04 3.060130e+11
1.402027e-04 3.399502e+11
1.402306e-04 3.359656e+11
1.402585e-04 3.272791e+11
1.402864e-04 3.050940e+11
1.403144e-04 3.006617e+11
1.403423e-04 2.966431e+11
1.403702e-04 2.935291e+11
1.403981e-04 2.961652e+11
1.404260e-04 3.009237e+11
1.404539e-04 2.979486e+11
1.404818e-04 3.077849e+11
1.405098e-04 3.099228e+11
1.405377e-04 3.160184e+11
1.405656e-04 3.180191e+11
1.405935e-04 3.108082e+11
1.406214e-04 3.102862e+11
1.406494e-04 3.091328e+11
1.406773e-04 3.178481e+11
1.407052e-04 3.133458e+11
1.407331e-04 3.142251e+11
1.407611e-04 3.022075e+11
1.407890e-04 3.119477e+11
1.408169e-04 3.139089e+11
1.408448e-04 2.905514e+11
1.408728e-04 3.029696e+11
1.409007e-04 3.093425e+11
1.409286e-04 3.020779e+11
1.409565e-04 3.161677e+11
1.409845e-04 3.269675e+11
1.410124e-04 3.345108e+11
1.410403e-04 3.418303e+11
1.410683e-04 3.342077e+11
1.410962e-04 3.386767e+11
1.411241e-04 3.652472e+11
1.411521e-04 3.767705e+11
1.411800e-04 4.149201e+11
1.412079e-04 4.470895e+11
1.412359e-04 4.436518e+11
1.412638e-04 4.284270e+11
1.412917e-04 4.138571e+11
1.413197e-04 3.623651e+11
1.413476e-04 3.461087e+11
1.413756e-04 3.413708e+11
1.414035e-04 3.422508e+11
1.414314e-04 3.469670e+11
1.414594e-04 3.763056e+11
1.414873e-04 3.930372e+11
1.415153e-04 4.403663e+11
1.415432e-04 4.626090e+11
1.415711e-04 4.746174e+11
1.415991e-04 4.729945e+11
1.416270e-04 4.800451e+11
1.416550e-04 4.473719e+11
1.416829e-04 4.346728e+11
1.417109e-04 4.264647e+11
1.417388e-04 4.253654e+11
1.417668e-04 4.202227e+11
1.417947e-04 4.045260e+11
1.418226e-04 4.097228e+11
1.418506e-04 4.135023e+11
1.418785e-04 3.837978e+11
1.419065e-04 4.018080e+11
1.419344e-04 4.141657e+11
1.419624e-04 4.299837e+11
1.419903e-04 4.337956e+11
1.420183e-04 4.708836e+11
1.420462e-04 4.999247e+11
1.420742e-04 5.230792e+11
1.421021e-04 5.517163e+11
1.421301e-04 5.539923e+11
1.421581e-04 5.668068e+11
1.421860e-04 5.471534e+11
1.422140e-04 5.519021e+11
1.422419e-04 5.324409e+11
1.422699e-04 4.790792e+11
1.422978e-04 4.954831e+11
1.423258e-04 5.242477e+11
1.423537e-04 5.508818e+11
1.423817e-04 5.775537e+11
1.424097e-04 5.898390e+11
1.424376e-04 6.054024e+11
1.424656e-04 6.122868e+11
1.424935e-04 6.000080e+11
1.425215e-04 6.464967e+11
1.425494e-04 6.147951e+11
1.425774e-04 5.934356e+11
1.426054e-04 6.567265e+11
1.426333e-04 6.467347e+11
1.426613e-04 9.407917e+11
1.426892e-04 6.756548e+11
1.427172e-04 5.367173e+11
1.427452e-04 5.528575e+11
1.427731e-04 5.681658e+11
1.428011e-04 5.952392e+11
1.428291e-04 6.402137e+11
1.428570e-04 6.906586e+11
1.428850e-04 7.288811e+11
1.429129e-04 7.878989e+11
1.429409e-04 8.388507e+11
1.429689e-04 7.989444e+11
1.429968e-04 7.956836e+11
1.430248e-04 7.800608e+11
1.430528e-04 7.558052e+11
1.430807e-04 7.079228e+11
1.431087e-04 6.546530e+11
1.431367e-04 6.578354e+11
1.431646e-04 6.665445e+11
1.431926e-04 7.018582e+11
1.432206e-04 7.399903e+11
1.432485e-04 7.538734e+11
1.432765e-04 7.703972e+11
1.433045e-04 7.739923e+11
1.433324e-04 7.776876e+11
1.433604e-04 7.763562e+11
1.433884e-04 7.777436e+11
1.434164e-04 7.966134e+11
1.434443e-04 8.484770e+11
1.434723e-04 8.752770e+11
1.435003e-04 8.618493e+11
1.435282e-04 9.260598e+11
1.435562e-04 9.324805e+11
1.435842e-04 9.017279e+11
1.436121e-04 8.725085e+11
1.436401e-04 9.079399e+11
1.436681e-04 9.208442e+11
1.436961e-04 9.294253e+11
1.437240e-04 9.890538e+11
1.437520e-04 9.923111e+11
1.437800e-04 1.010175e+12
1.438080e-04 1.044174e+12
1.438359e-04 1.065230e+12
